6
7
8
9
11
12
13
15
16
17
19
20
21
25
26
27
28
29
30
31
33
34
35
37
38
39
41
42
43
45
46
47
50
51
54
55
56
57
63
64
65
66
71
72
73
75
76
77
79
81
82
87
86
89
90
94
93
98
99
101
102
104
105
107
108
110
111
116
119
120
122
123
124
125
126
128
129
131
132
133
135
136
137
139
142
143
145
146
147
149
156
157
158
159
160
155
164
165
172
173
175
176
183
184
186
187
196
197
198
200
202
203
215
216
218
220
221
234
235
236
237
239
241
242
250
251
253
254
262
263
265
266
268
269
276
277
279
280
287
288
290
291
3
代码覆盖率为：0.9285714285714286
