9
13
17
18
21
22
24
30
32
33
36
42
43
44
46
52
53
54
56
63
64
65
71
72
78
79
87
89
94
95
96
97
99
100
101
103
104
105
106
107
109
110
112
113
114
116
117
118
120
121
122
124
125
128
129
130
131
137
138
139
140
144
145
146
147
148
149
150
152
153
154
156
157
164
167
168
169
170
171
173
175
177
178
179
186
187
188
189
190
191
193
194
195
196
200
202
203
206
209
215
216
217
218
220
221
223
224
225
226
230
232
233
236
237
239
240
248
249
250
251
252
255
256
254
259
260
264
263
270
271
272
273
280
281
282
283
290
291
292
293
295
296
298
299
301
303
304
306
311
309
313
314
318
319
320
322
323
327
328
330
331
334
335
337
338
341
342
344
345
349
350
352
353
356
357
359
360
363
364
366
367
371
372
373
377
378
380
381
386
387
388
392
393
395
396
399
400
402
403
409
410
412
413
3
代码覆盖率为：0.9147982062780269
