5
7
9
10
13
14
16
19
21
22
24
27
28
29
31
34
35
36
38
41
42
43
47
48
50
52
54
56
58
67
70
71
73
74
75
77
78
79
81
82
84
85
86
88
91
92
94
95
98
99
101
102
105
106
107
109
110
113
114
115
116
118
119
122
123
124
126
127
130
131
133
134
137
138
140
141
144
145
146
147
150
151
154
155
157
158
162
163
166
167
168
170
173
174
176
177
179
180
183
184
188
189
190
191
192
194
196
197
198
199
201
202
208
209
211
212
218
219
221
222
228
229
231
232
233
234
238
239
240
242
243
249
248
251
252
3
代码覆盖率为：0.9444444444444444
