7
12
13
14
20
21
22
28
29
30
36
37
38
43
44
45
46
47
48
49
51
52
53
55
56
57
59
60
61
63
64
65
66
67
70
71
74
75
81
82
83
85
86
87
96
95
98
100
101
102
109
108
117
118
120
122
123
128
132
133
134
135
137
138
140
141
142
144
146
147
148
150
151
152
153
155
156
157
158
159
161
162
163
164
165
166
168
170
171
172
173
174
176
177
178
185
186
187
188
189
196
200
201
206
207
205
210
211
214
215
217
218
221
223
225
226
228
229
231
232
235
236
240
241
245
247
249
250
253
254
256
257
259
261
262
265
266
268
269
272
273
274
276
277
285
287
288
289
290
293
294
297
298
300
301
304
305
306
308
309
312
313
314
315
316
318
319
327
332
333
335
337
338
341
342
344
345
348
349
351
353
354
357
358
359
361
362
365
366
367
368
369
372
373
377
378
379
380
382
383
386
387
388
389
391
392
394
395
398
399
400
401
404
405
2
代码覆盖率为：0.9033613445378151
