6
7
8
9
11
12
13
15
16
17
18
20
21
22
23
25
26
27
28
30
31
32
34
35
37
38
46
47
48
50
53
52
55
56
60
59
64
65
67
68
72
73
77
79
80
82
83
84
85
86
88
89
91
92
93
95
96
97
99
101
102
104
105
106
108
110
111
115
116
117
118
122
123
128
129
130
131
133
134
137
138
139
140
143
144
147
148
149
151
152
156
157
158
159
161
162
166
167
169
171
172
176
177
178
179
180
183
184
194
195
196
198
199
202
203
204
206
208
209
211
212
213
215
218
219
220
221
217
224
225
227
234
235
237
238
239
243
244
242
231
247
248
251
252
253
254
255
258
259
262
263
271
272
275
276
277
279
281
282
285
286
287
288
290
292
293
296
297
299
300
3
代码覆盖率为：0.9144385026737968
