19
21
22
23
26
27
28
31
32
33
36
37
38
43
46
47
48
57
59
60
61
62
63
64
66
67
68
70
71
72
74
75
76
78
79
80
81
82
84
85
88
89
101
103
104
106
107
108
117
119
120
122
123
124
125
130
129
132
133
137
136
141
142
144
145
148
149
151
152
154
155
165
170
171
172
173
174
175
177
178
179
181
182
183
184
186
187
188
189
191
194
198
199
200
201
202
204
205
206
207
208
209
211
213
214
215
216
217
218
219
221
222
223
225
226
227
228
229
231
232
234
235
236
238
239
240
241
243
244
245
246
248
249
250
251
252
254
255
256
257
258
259
261
263
264
265
266
267
268
269
270
277
278
279
280
287
289
290
300
301
302
303
304
305
306
307
308
309
310
311
312
298
319
320
322
324
326
328
330
331
332
333
334
335
337
339
340
341
342
344
346
347
351
355
356
360
361
363
364
368
370
371
376
377
380
381
383
384
385
388
390
391
393
395
396
398
400
402
405
406
410
411
413
414
418
419
421
422
425
426
428
429
434
437
439
440
444
445
446
448
449
453
454
455
456
458
459
466
467
469
470
477
478
480
481
490
492
493
495
497
500
503
506
507
519
520
522
524
525
538
539
540
541
542
543
545
547
549
550
558
559
561
562
571
572
574
575
577
578
584
585
587
588
595
596
598
599
3
代码覆盖率为：0.9254658385093167
