9
14
15
16
18
19
20
26
27
28
34
35
36
42
43
44
45
55
56
57
58
59
61
67
66
69
71
72
73
80
79
87
88
89
91
92
96
98
99
100
103
104
105
107
108
111
112
113
115
116
122
125
127
129
130
134
136
138
140
141
148
149
150
153
154
156
157
158
161
162
164
165
166
169
170
172
173
174
177
178
180
181
182
185
186
188
189
190
193
194
196
197
198
201
202
204
205
206
209
210
212
213
214
217
218
220
221
222
225
226
228
229
230
233
234
236
237
238
241
242
244
245
246
249
250
252
253
254
257
258
259
260
261
264
265
267
268
269
272
273
275
276
277
280
281
283
284
285
288
289
291
292
293
296
297
298
299
301
302
303
306
307
3
代码覆盖率为：0.9939024390243902
