28
30
31
33
35
36
41
40
43
44
48
47
52
53
56
57
65
67
68
70
72
73
78
77
82
83
84
87
88
97
99
101
102
110
112
114
115
116
117
118
119
122
123
126
127
128
129
130
131
134
135
155
157
158
160
161
163
164
165
166
167
169
170
172
173
174
176
177
178
180
187
188
191
192
193
194
197
198
203
204
205
206
207
213
214
215
216
217
202
219
220
223
224
225
228
229
230
231
234
235
237
238
241
242
243
245
246
249
250
253
254
256
257
260
261
264
265
267
268
269
270
271
273
281
282
285
286
287
288
289
291
299
300
308
310
311
315
314
319
320
324
325
326
330
331
332
346
348
349
351
354
355
356
357
353
364
365
368
369
371
372
375
376
377
378
379
380
382
383
386
387
388
389
390
392
393
399
400
404
405
3
代码覆盖率为：0.8044444444444444
