3
4
5
6
8
9
10
12
13
14
16
17
18
22
23
25
26
27
28
29
32
34
35
38
40
41
44
46
47
48
53
56
57
61
63
64
65
67
69
70
72
74
75
77
79
80
82
85
86
87
88
89
90
91
92
93
94
95
84
99
100
101
102
98
106
107
108
109
111
112
116
117
118
120
121
123
125
126
128
130
131
133
135
136
138
140
141
143
146
145
150
151
152
153
155
156
159
160
161
162
163
164
166
167
170
171
172
174
176
177
180
182
183
184
185
187
190
191
194
195
196
197
198
199
200
201
202
206
207
208
209
210
213
215
216
219
220
221
222
223
224
228
229
230
234
236
237
240
242
244
246
245
248
250
251
256
257
258
259
264
265
266
285
286
288
293
294
301
302
303
323
325
326
328
329
331
332
334
336
337
338
339
340
341
342
343
345
347
348
351
352
354
356
357
358
359
361
362
365
367
368
369
373
374
376
378
379
380
384
385
389
390
392
393
395
398
400
401
404
405
406
407
410
412
414
416
417
421
422
424
425
428
429
431
432
433
434
1
代码覆盖率为：0.8880597014925373
