6
7
8
9
10
13
12
15
17
18
19
23
22
27
28
30
31
36
37
38
41
42
45
46
47
50
51
54
57
58
63
64
65
66
67
68
69
71
72
73
75
76
77
79
80
81
83
84
85
87
88
89
98
102
106
107
110
111
113
119
121
122
125
131
132
133
135
141
142
143
145
152
153
154
162
165
166
167
174
175
176
177
184
185
186
187
188
189
191
192
193
195
196
197
199
200
201
203
205
206
207
208
210
212
213
216
217
220
221
224
225
228
229
230
231
234
235
240
241
242
243
244
245
246
247
248
249
250
239
254
255
253
260
259
266
265
276
278
279
291
292
293
294
297
298
313
314
315
316
317
318
319
320
321
322
325
326
340
341
342
343
344
347
349
350
351
352
353
354
355
356
357
358
359
361
363
365
366
378
379
380
381
382
385
387
388
390
391
403
404
405
408
410
411
412
413
415
417
419
420
432
433
434
437
439
440
442
443
444
445
447
449
450
461
462
464
465
471
472
473
476
477
478
479
480
482
475
486
487
489
492
495
497
500
506
507
3
代码覆盖率为：0.8713235294117647
