11
12
14
16
18
20
22
37
41
45
46
49
50
52
58
60
61
64
70
71
72
74
80
81
82
84
91
92
93
115
118
119
121
123
124
126
128
129
131
136
137
139
140
148
149
151
152
161
162
164
165
173
174
175
177
178
190
191
192
194
195
206
207
208
209
211
212
225
226
227
229
230
243
244
245
247
248
257
258
260
261
264
265
275
276
278
279
282
283
292
293
295
296
299
300
309
310
311
313
316
317
328
329
330
332
333
346
351
352
354
355
362
363
365
366
381
382
383
384
385
386
388
389
390
392
394
395
396
397
399
400
406
407
409
410
416
417
419
420
426
427
429
430
431
432
443
445
444
447
448
5
31
99
339
372
438
代码覆盖率为：0.9570552147239264
