20
30
31
32
34
46
47
62
63
64
66
78
82
83
86
87
89
103
104
121
123
124
127
141
142
159
160
161
171
180
181
182
183
184
185
186
187
188
189
190
191
192
193
194
195
196
197
179
201
202
203
200
207
208
206
215
217
218
219
221
222
223
224
226
227
228
229
231
232
233
234
235
237
238
239
240
241
242
244
246
249
250
251
252
255
256
258
260
261
263
264
265
266
267
269
270
272
273
274
276
277
278
279
281
282
283
284
286
287
288
289
290
292
293
294
295
296
297
299
301
302
303
304
305
306
307
308
315
316
317
318
325
326
327
328
330
331
333
334
335
337
338
339
341
342
343
345
346
347
348
349
351
364
365
366
367
368
370
372
373
374
384
383
386
387
396
395
401
400
409
410
411
413
414
417
418
419
420
421
423
426
427
430
431
433
434
436
437
438
439
440
441
442
443
445
446
448
449
452
453
454
455
456
457
459
461
462
463
464
465
467
470
471
472
473
475
479
480
483
484
485
486
488
490
491
492
493
494
496
499
500
501
502
503
504
505
506
507
508
510
514
515
518
519
520
522
523
524
526
527
528
531
532
535
536
538
539
537
541
543
544
547
548
550
551
549
553
555
556
559
560
562
563
561
565
567
568
571
572
573
574
575
576
577
578
580
581
582
583
584
585
586
587
588
589
590
591
592
593
594
595
596
597
598
605
609
610
611
623
624
625
626
627
629
630
633
634
635
636
637
638
640
641
642
643
644
645
646
647
648
649
650
653
654
657
658
659
660
661
662
663
664
665
666
667
668
669
670
671
672
673
674
676
679
680
683
684
685
686
687
688
691
692
695
696
697
698
699
700
703
704
707
708
716
717
720
721
722
723
737
738
741
742
743
745
746
749
750
751
752
753
754
755
756
757
758
759
769
770
772
773
774
775
776
777
778
779
780
781
782
792
793
796
797
798
799
800
801
802
803
804
805
806
816
817
820
822
823
821
827
828
829
830
831
832
826
862
863
864
865
866
861
870
871
874
876
877
875
880
881
884
886
887
888
889
890
891
885
920
921
922
923
926
928
929
930
931
932
927
936
937
5
167
代码覆盖率为：0.8030560271646859
