10
11
12
14
19
21
22
23
24
25
26
27
28
30
32
17
34
35
37
41
42
43
45
40
47
48
50
53
54
56
57
60
61
64
65
68
69
72
73
74
75
78
79
85
84
87
88
92
93
95
96
100
101
102
103
104
105
106
107
108
111
112
116
117
118
119
120
121
122
123
124
125
126
127
130
131
135
136
138
140
143
144
145
146
147
148
149
150
151
152
153
154
155
156
157
158
160
164
166
169
173
174
178
180
182
184
188
189
190
199
187
204
206
210
211
216
215
221
222
224
225
229
232
233
237
238
240
241
245
246
248
249
253
254
255
258
259
3
代码覆盖率为：0.8625
