5
6
7
8
9
10
11
17
18
19
20
22
23
24
27
28
29
32
33
34
37
38
39
40
43
44
45
46
50
51
52
53
55
56
57
58
60
61
62
68
67
70
71
76
75
81
82
84
86
87
93
95
96
97
98
100
101
102
103
104
105
107
109
110
111
112
113
115
116
117
118
120
121
124
125
127
128
131
132
134
135
136
137
140
141
143
145
146
147
151
154
155
157
158
159
161
163
164
165
166
168
169
171
172
173
175
176
177
178
180
181
182
183
185
186
187
188
189
191
192
193
194
195
196
198
200
201
202
203
204
205
206
207
214
215
216
219
220
223
224
225
226
229
230
235
236
237
244
245
246
247
250
249
252
253
256
257
259
260
263
264
266
267
270
271
273
274
276
277
278
279
281
282
284
285
286
287
289
290
293
294
295
299
301
308
309
310
314
318
320
321
324
327
332
339
342
347
349
350
353
355
354
358
359
362
363
364
366
368
369
372
373
374
375
379
381
386
387
388
391
395
397
398
401
404
409
416
419
420
425
427
428
431
432
433
435
437
438
441
442
443
445
447
448
451
452
453
456
457
460
461
463
464
467
468
469
470
471
474
475
478
479
480
481
483
484
487
488
490
492
493
496
498
500
501
504
506
508
509
512
514
516
517
519
521
523
524
3
代码覆盖率为：0.891640866873065
