13
14
15
16
20
21
22
23
25
26
27
31
46
56
57
58
60
72
73
74
76
88
92
93
96
97
99
113
115
116
119
133
134
135
139
146
150
151
153
157
158
160
164
165
167
171
172
174
178
179
181
185
186
188
198
203
207
211
215
194
224
228
232
220
239
240
243
244
245
246
249
250
259
258
266
265
273
274
275
272
277
278
285
286
287
288
290
291
292
293
294
295
296
297
298
299
300
301
289
303
304
305
306
307
308
311
312
317
318
319
320
321
322
323
324
325
326
329
330
335
336
337
338
339
342
343
347
348
350
351
356
357
359
360
366
367
369
370
3
代码覆盖率为：0.9391891891891891
