6
8
11
14
17
20
23
26
29
32
35
38
41
42
43
44
45
46
50
51
52
53
54
75
77
78
79
80
81
82
83
87
89
90
91
92
93
94
95
99
101
104
107
110
113
116
125
127
128
129
131
135
136
137
139
143
147
148
151
152
154
158
160
161
164
168
169
170
174
176
181
184
188
190
193
196
199
202
205
208
211
218
222
224
226
228
229
235
239
243
246
249
250
253
257
258
259
261
262
264
266
265
270
271
256
275
276
280
281
283
285
286
287
291
292
294
295
296
298
299
300
301
305
306
308
309
310
311
315
316
318
319
320
321
322
324
328
329
331
332
333
336
337
339
340
344
345
347
349
351
353
355
357
358
362
363
365
366
367
368
372
373
374
375
376
380
382
383
384
388
389
391
392
394
399
400
401
403
404
405
406
410
411
413
414
416
421
422
423
424
428
429
431
432
433
434
435
437
441
442
443
444
445
446
450
451
453
454
455
458
459
460
462
463
464
473
474
476
477
478
487
488
489
490
492
493
496
497
498
500
502
504
505
507
509
511
512
516
517
518
519
520
521
525
528
529
531
536
537
541
542
543
544
545
546
547
548
552
553
555
557
559
561
562
566
567
568
569
570
571
575
577
580
581
586
587
590
591
592
593
594
595
596
600
601
606
607
608
609
612
616
618
621
623
624
625
629
630
631
632
633
634
635
639
640
641
644
645
649
650
651
652
653
654
655
656
660
661
662
663
664
667
668
672
674
673
678
679
680
684
685
686
690
691
692
696
699
700
703
704
708
711
710
713
714
718
717
722
723
725
726
728
729
731
732
735
736
738
739
742
743
746
747
750
751
754
755
759
762
763
766
767
771
774
773
776
777
781
780
785
786
788
789
792
793
795
796
799
800
802
803
806
807
810
811
814
815
818
819
823
825
826
827
828
833
834
838
842
841
844
845
849
850
852
853
858
857
864
863
869
870
873
874
878
879
882
883
887
889
890
895
888
897
898
901
902
903
905
906
3
代码覆盖率为：0.8576998050682261
