6
7
8
9
10
12
13
18
17
20
21
25
24
29
30
32
33
38
48
49
50
52
64
65
66
68
80
84
85
88
89
91
105
107
108
111
125
126
127
131
134
135
136
143
145
146
147
154
156
157
158
159
160
162
165
166
168
169
170
172
173
174
176
178
179
180
181
183
184
186
187
188
190
191
192
194
197
198
196
203
204
206
207
202
210
211
213
214
215
216
218
219
222
223
227
228
229
231
232
234
235
236
239
240
241
245
246
248
249
255
256
263
264
266
267
274
275
277
278
293
294
296
297
301
300
311
312
313
314
322
323
339
340
342
343
346
347
355
356
358
359
365
366
368
369
373
374
376
377
388
389
390
392
393
396
397
399
398
402
403
410
411
413
414
424
425
426
428
429
444
445
446
447
449
450
465
466
467
469
470
487
488
489
491
492
523
524
526
527
530
531
547
548
549
551
554
555
564
565
566
568
569
3
代码覆盖率为：0.9269406392694064
