8
18
19
20
22
34
35
36
38
50
54
55
58
59
61
75
77
78
81
95
96
97
106
107
108
109
116
117
118
119
122
123
127
126
129
130
134
133
139
140
142
143
147
148
150
151
153
154
158
161
162
167
169
170
172
173
174
176
177
178
180
182
183
185
186
187
188
189
191
192
194
195
196
198
200
201
204
205
208
209
212
213
216
217
218
219
222
223
230
229
232
233
235
237
239
243
246
247
251
253
254
255
256
258
259
269
270
272
273
276
278
280
281
284
286
288
289
292
293
294
296
298
303
304
307
308
311
312
315
316
317
318
319
322
323
326
328
329
330
333
334
337
338
339
340
341
342
345
346
349
350
352
353
356
357
358
361
362
365
366
368
369
374
375
379
381
382
383
384
386
387
389
390
393
395
398
399
401
402
405
406
407
408
411
412
414
415
419
420
421
423
424
427
428
429
430
431
2
代码覆盖率为：0.8722466960352423
