23
24
25
26
28
30
31
32
34
35
36
38
39
41
42
43
45
46
48
49
50
52
53
62
63
64
65
66
67
68
70
71
72
74
75
76
78
79
80
82
83
84
87
88
91
92
93
94
105
106
107
108
116
117
118
119
126
127
128
129
136
138
139
144
143
146
147
151
150
155
156
158
159
161
162
164
165
167
168
177
178
179
180
181
182
184
185
186
188
189
190
192
194
195
197
198
199
200
201
203
210
211
212
213
214
209
217
218
225
226
228
229
236
237
239
240
249
250
251
253
255
256
268
269
271
273
274
287
288
289
290
292
294
295
303
304
306
307
315
316
318
319
321
322
329
330
332
333
340
341
343
344
3
代码覆盖率为：0.9053254437869822
