5
6
7
8
9
10
11
17
18
19
20
22
23
24
27
28
29
32
33
34
37
38
39
40
43
44
45
46
50
52
53
55
56
57
58
59
61
62
64
65
66
68
70
71
72
73
75
76
79
80
82
83
86
87
89
90
93
94
96
97
101
104
105
107
108
109
111
113
114
116
117
118
119
120
121
123
124
125
127
128
129
131
134
133
136
137
140
141
143
144
147
148
150
151
154
155
157
158
161
162
163
164
166
167
170
171
172
174
175
177
178
180
184
186
187
190
192
191
195
196
199
200
201
203
205
206
209
210
211
212
214
216
217
219
220
222
227
229
230
232
233
234
236
238
239
242
243
244
246
248
249
252
253
254
257
258
261
262
264
265
268
269
270
271
272
275
276
277
278
281
282
283
284
286
287
3
代码覆盖率为：0.9361702127659575
