18
28
29
30
32
44
45
46
48
60
64
65
68
69
71
85
87
88
91
105
106
107
116
120
125
134
143
159
170
211
214
215
217
219
220
221
223
224
226
231
232
234
235
241
242
244
245
256
257
258
260
261
267
268
270
271
281
282
283
285
286
301
302
303
304
306
307
322
323
324
326
327
344
345
346
348
349
366
367
368
370
371
374
375
387
388
390
391
394
395
409
410
412
413
416
417
433
434
435
437
440
441
449
450
451
453
454
461
462
463
465
466
467
469
470
471
473
480
481
482
483
485
486
492
493
495
496
503
504
506
507
522
523
525
526
527
528
532
534
533
536
537
3
代码覆盖率为：0.9533333333333334
