6
8
9
15
18
19
25
27
28
30
31
32
33
34
36
38
39
45
46
47
50
51
54
56
57
59
60
62
63
64
65
68
69
72
73
74
77
78
81
82
83
86
87
92
93
95
96
99
100
102
103
106
107
109
110
113
114
116
117
129
133
134
135
132
143
144
146
147
149
151
150
154
156
157
165
166
168
169
170
176
182
183
196
200
201
202
203
204
205
206
208
209
210
211
212
213
218
220
222
223
224
226
228
229
230
231
237
238
241
242
247
248
250
251
258
260
261
263
269
272
274
267
280
282
284
285
288
289
291
292
295
296
298
299
309
311
312
316
317
318
319
323
324
328
329
330
334
335
341
342
347
349
352
354
355
357
359
362
364
365
368
370
373
375
376
3
代码覆盖率为：0.8924731182795699
