6
8
9
15
18
20
21
22
28
30
31
33
34
35
37
39
40
46
47
48
51
52
55
57
58
60
61
64
65
66
67
70
71
74
75
76
79
80
82
83
84
87
88
93
94
96
97
100
101
103
104
107
108
110
111
114
115
117
118
125
127
128
131
132
133
134
140
144
145
148
152
153
165
169
170
171
168
179
180
182
183
185
187
186
190
192
193
201
202
204
205
206
212
218
219
232
236
237
238
239
240
241
242
244
245
246
247
248
249
254
256
257
258
259
261
267
270
272
265
278
280
282
283
286
287
289
290
293
294
296
297
308
310
311
315
316
317
318
321
322
323
327
329
332
335
339
340
346
347
352
354
357
359
360
363
365
368
370
371
374
376
379
381
382
384
386
389
391
392
3
代码覆盖率为：0.8854166666666666
