9
10
11
12
14
15
16
17
18
19
23
24
25
27
28
29
31
32
33
40
41
43
44
45
47
48
49
50
52
53
54
55
57
58
59
60
61
63
65
66
67
68
69
71
73
74
75
76
77
79
80
81
88
90
91
92
99
109
110
111
108
113
114
118
119
121
122
127
128
129
131
133
135
136
140
141
142
144
145
148
150
152
153
156
157
159
160
163
164
166
167
171
172
174
175
177
179
180
185
186
187
188
193
194
196
199
200
202
205
206
208
210
211
213
215
216
217
218
220
221
222
224
226
227
228
230
231
232
234
237
238
240
244
243
248
249
255
256
257
258
260
261
265
266
268
269
273
274
276
277
283
284
286
287
292
293
294
295
296
297
298
300
303
304
307
309
310
312
314
317
319
322
323
325
330
334
335
339
340
342
343
348
349
350
351
354
355
359
360
361
363
364
367
368
369
371
372
373
374
3
代码覆盖率为：0.9174311926605505
