20
21
22
23
25
26
27
29
30
31
33
34
35
44
45
46
47
49
50
51
52
53
54
56
57
58
60
61
62
64
65
66
69
70
73
74
75
76
87
88
89
90
98
99
100
102
103
104
106
108
109
114
113
116
117
121
120
125
126
128
129
131
132
134
135
137
138
147
150
151
153
154
155
157
158
159
160
161
163
164
166
167
168
170
172
173
175
176
177
179
186
187
188
189
190
185
193
194
201
202
204
205
212
213
215
216
225
226
227
229
231
232
236
237
239
241
242
245
246
247
248
250
253
255
256
268
269
271
273
274
287
288
289
290
292
294
295
302
303
305
306
315
316
318
319
321
322
329
330
332
333
3
代码覆盖率为：0.8994082840236687
