5
6
7
9
11
12
22
21
24
25
32
31
40
41
43
45
46
51
53
54
56
57
58
60
61
62
63
64
66
68
70
71
72
74
77
78
80
81
82
84
87
88
93
94
99
100
101
102
112
113
114
116
117
118
119
111
121
122
128
130
132
134
136
138
140
143
145
146
157
158
159
161
162
174
175
176
177
178
180
181
192
193
194
196
198
199
213
214
215
216
218
220
221
232
233
234
235
236
237
239
241
242
250
252
253
255
256
257
258
260
261
263
266
267
273
274
275
272
277
278
282
283
284
285
286
287
288
289
292
293
299
300
301
305
306
312
313
316
317
323
324
325
327
328
332
333
334
336
337
341
342
343
344
345
347
348
3
代码覆盖率为：0.9022988505747126
