9
14
15
16
18
19
20
26
30
36
37
38
44
45
46
47
52
53
54
56
59
58
61
62
66
65
71
75
76
77
78
79
81
82
83
85
87
88
90
91
92
94
97
98
100
101
102
104
107
108
113
114
115
116
121
122
129
130
140
141
142
143
144
146
148
149
150
151
153
154
139
157
158
164
165
167
168
176
177
179
180
189
190
192
193
201
202
203
205
206
218
219
220
222
223
234
235
236
237
239
240
249
250
252
253
256
257
266
267
268
270
273
274
282
283
285
286
289
291
292
300
301
304
303
306
308
309
317
319
320
321
3
代码覆盖率为：0.9166666666666666
