6
7
8
9
11
12
13
15
16
17
19
20
21
25
26
27
28
29
31
32
34
35
37
38
39
40
42
43
44
45
47
48
49
50
52
53
55
56
57
58
59
61
62
64
65
67
68
69
70
73
74
75
78
80
81
82
83
84
90
91
92
93
94
99
100
101
102
104
105
106
107
109
111
113
114
116
117
118
119
124
123
126
127
128
132
131
136
137
139
141
142
143
144
145
147
148
150
151
153
155
156
158
159
160
161
166
169
171
172
173
174
175
177
178
180
181
183
184
185
186
188
189
190
191
193
194
195
196
198
201
202
204
205
206
207
208
210
217
218
219
220
221
216
225
226
227
234
235
237
239
240
241
242
243
250
251
253
254
255
264
265
266
268
270
272
273
274
275
276
288
289
291
293
295
296
298
299
300
301
314
315
316
317
319
321
322
323
331
332
334
335
336
345
346
348
349
351
353
354
355
356
357
364
365
367
369
370
372
373
374
375
382
383
385
386
387
3
代码覆盖率为：0.9517543859649122
