5
7
9
10
13
14
16
19
21
22
24
27
28
29
31
34
35
36
38
41
42
43
47
48
50
52
54
56
58
67
70
72
73
75
76
77
78
80
81
82
83
85
86
87
89
90
91
93
94
96
97
98
99
100
102
105
106
108
109
110
113
114
116
118
119
120
121
122
125
126
127
129
131
132
134
135
136
137
140
141
142
143
145
146
147
150
151
152
154
156
157
158
159
160
163
164
166
167
168
171
172
174
176
177
178
179
180
183
184
185
186
189
191
192
194
195
196
197
200
201
203
204
208
209
210
213
214
215
217
220
221
222
225
226
228
229
232
234
235
236
237
238
242
243
244
245
247
248
250
251
252
253
255
257
258
259
260
262
264
265
267
268
269
270
276
277
279
280
281
287
288
290
291
292
298
299
301
303
304
305
306
307
311
312
313
314
316
317
323
322
325
327
328
330
331
332
333
3
代码覆盖率为：0.9611650485436893
