4
5
8
10
11
12
14
15
16
17
19
20
22
23
24
25
26
28
30
32
33
35
36
37
38
40
43
44
45
47
48
50
51
52
53
54
56
59
60
61
66
68
69
70
71
72
77
79
80
82
83
84
85
95
96
97
99
100
101
102
94
104
105
106
112
114
116
118
120
122
124
127
129
131
132
133
134
135
146
147
148
150
152
153
155
156
157
158
170
171
172
173
174
176
177
178
189
190
191
193
195
196
197
209
211
212
213
214
215
218
220
221
222
223
224
234
235
236
237
239
241
243
244
246
247
248
249
260
261
262
263
264
265
267
269
270
271
2
代码覆盖率为：0.9387755102040817
