6
7
8
9
11
12
13
15
16
17
18
20
21
22
23
25
26
27
28
30
31
32
34
35
37
38
46
47
48
49
51
54
53
56
57
58
62
61
66
67
69
70
71
75
76
80
82
83
84
86
87
89
90
91
92
93
95
96
98
99
101
102
103
104
106
107
108
109
111
113
114
115
117
118
120
121
122
123
124
126
128
129
130
134
136
137
138
139
140
144
146
147
149
150
151
152
157
158
159
160
162
164
165
166
167
168
171
172
173
174
177
179
180
182
183
184
185
188
189
190
192
193
194
198
199
200
201
203
205
206
207
208
209
213
214
216
218
219
220
224
225
226
227
228
231
233
234
235
236
237
247
248
249
250
253
255
256
258
259
260
261
264
265
266
267
269
271
272
273
275
276
278
279
280
281
282
284
287
288
289
290
286
293
295
296
298
299
300
301
303
310
311
313
314
315
319
320
318
307
323
325
326
328
329
330
331
334
335
336
337
338
341
342
343
346
347
355
356
357
361
362
363
365
367
369
370
371
372
373
376
377
378
379
381
383
385
386
388
389
390
391
394
395
397
398
399
3
代码覆盖率为：0.9391634980988594
