19
21
22
23
26
27
28
31
32
33
36
37
38
43
46
47
48
57
59
60
61
62
64
65
67
68
69
70
71
73
74
76
77
79
80
81
82
84
85
86
87
89
90
91
92
94
95
97
98
99
100
101
103
104
105
108
109
110
122
124
125
127
128
130
131
132
133
142
144
145
147
149
150
151
152
153
158
157
160
161
162
166
165
170
171
173
174
175
178
179
181
182
184
186
187
188
189
190
200
205
206
207
208
209
210
211
214
218
219
220
221
222
223
224
226
227
229
230
231
232
234
235
236
237
239
240
241
242
244
245
247
248
249
252
253
255
256
258
259
261
262
263
264
266
267
268
269
270
272
273
274
275
277
279
281
282
284
285
286
287
297
298
299
300
301
302
303
304
305
306
307
308
309
295
316
317
318
321
323
325
327
329
330
331
332
333
334
336
338
339
340
341
343
345
347
348
350
351
352
353
357
361
362
366
367
369
370
374
376
377
378
383
384
387
388
390
391
392
395
397
398
400
402
403
405
407
409
412
413
414
418
419
421
423
424
425
426
427
431
432
434
436
437
439
440
441
442
445
446
448
449
450
455
458
460
461
462
466
467
468
470
472
473
474
475
476
480
481
482
483
485
487
488
490
491
492
493
500
501
503
504
505
512
513
515
517
518
519
520
521
530
532
533
535
537
540
543
546
547
548
560
561
563
565
567
568
569
570
571
584
585
586
587
588
589
591
593
595
597
598
600
601
602
603
611
612
614
615
616
625
626
628
629
631
632
633
640
641
643
645
646
647
648
649
656
657
659
661
662
664
665
666
667
3
代码覆盖率为：0.9567567567567568
