9
14
15
16
18
19
20
26
27
28
34
35
36
42
43
44
45
55
56
58
59
60
61
62
64
70
69
72
74
75
77
78
79
80
87
86
94
95
96
98
99
100
104
106
107
108
109
112
113
114
116
118
119
120
121
122
125
126
127
129
130
131
138
141
143
145
147
148
150
151
152
153
157
159
161
163
164
165
172
173
174
177
178
179
181
182
183
186
188
189
190
191
192
194
195
196
199
201
202
204
205
206
207
209
210
211
214
215
216
218
219
220
223
224
225
227
228
229
232
234
235
236
237
238
240
241
242
245
247
248
250
251
252
253
255
256
257
260
261
262
264
265
266
269
271
272
273
274
275
277
278
279
282
283
284
286
287
288
291
293
294
295
296
297
299
300
301
304
306
307
309
310
311
312
314
315
316
319
320
321
323
324
325
328
329
330
332
333
334
337
339
340
341
342
343
345
346
347
350
352
353
355
356
357
358
360
361
362
365
366
367
369
370
371
374
375
376
378
379
380
383
385
386
387
388
389
391
392
393
396
398
399
401
402
403
404
3
代码覆盖率为：0.9957983193277311
