5
6
7
8
11
13
14
15
16
17
20
22
23
25
26
27
28
32
33
34
36
37
39
40
41
42
43
45
46
48
49
51
52
53
54
56
57
58
59
61
62
63
64
66
67
69
70
71
72
73
75
76
78
79
81
82
83
84
86
89
90
91
93
96
97
99
100
101
102
104
105
107
108
110
112
113
95
115
117
118
119
120
121
125
126
127
129
135
136
137
142
144
145
146
150
151
152
153
155
162
163
164
165
170
172
174
175
176
177
178
181
183
184
186
188
190
191
193
194
195
196
199
200
201
203
205
206
207
212
213
214
215
216
219
220
221
225
226
227
229
231
232
233
234
235
239
240
241
242
244
246
247
249
250
251
252
256
257
259
260
261
3
代码覆盖率为：0.8901098901098901
