28
30
32
33
35
36
37
38
40
42
44
45
47
48
49
50
55
54
57
59
60
61
62
63
67
66
71
72
75
76
77
86
88
89
90
92
94
95
96
101
100
105
106
107
110
112
113
115
116
117
118
127
129
131
132
140
142
144
145
146
147
148
149
152
153
154
157
158
159
160
161
162
165
166
167
187
189
190
192
193
194
196
197
199
200
201
202
203
205
206
208
209
211
212
213
214
216
217
218
219
221
228
229
230
233
235
236
237
238
239
242
244
245
247
248
249
250
255
256
257
258
259
265
266
267
268
269
254
271
273
274
275
276
277
280
281
283
284
286
287
288
289
292
293
294
295
296
299
300
302
303
304
307
308
309
311
312
315
317
318
319
320
321
324
325
327
328
331
333
334
336
337
338
339
342
343
345
346
347
348
349
351
359
360
361
364
365
366
367
368
370
378
380
381
382
383
384
392
394
395
396
400
399
404
405
409
410
411
415
416
417
431
433
434
435
437
440
441
442
443
439
450
452
453
454
455
456
459
460
462
464
465
467
468
469
470
473
474
475
476
477
478
480
481
482
485
486
487
488
489
491
492
493
500
501
505
507
508
509
510
511
3
代码覆盖率为：0.8562091503267973
