3
4
5
6
7
9
10
11
12
14
15
17
18
19
20
21
23
24
26
27
29
30
31
32
36
37
39
40
41
42
43
46
48
49
52
54
55
58
60
61
62
67
70
72
73
75
76
77
78
82
84
85
87
88
89
90
92
94
95
96
98
100
101
102
104
106
108
109
110
111
112
114
117
118
119
120
121
122
123
124
125
126
127
116
131
132
133
134
130
138
139
140
141
143
144
145
149
150
151
153
155
157
158
160
161
162
163
165
167
168
169
171
173
174
175
177
179
181
182
183
184
185
187
189
191
192
194
195
196
197
199
202
201
206
207
208
209
211
213
214
215
216
217
220
221
222
223
224
225
227
228
229
232
233
234
236
238
240
241
242
243
244
247
249
250
251
252
254
257
259
260
262
263
264
265
268
269
270
271
272
273
274
275
276
280
281
282
283
284
287
289
290
291
294
295
296
297
298
299
303
304
305
309
311
312
313
317
319
321
323
322
325
327
329
330
331
332
333
338
339
340
341
346
347
348
367
368
370
375
376
383
384
385
405
407
408
410
411
413
414
416
418
419
420
421
422
423
424
425
427
429
430
433
434
436
438
439
440
441
443
444
447
449
450
451
455
456
458
460
461
462
466
467
471
472
474
475
477
480
482
484
485
487
488
489
490
493
494
495
496
499
501
503
505
506
507
511
512
514
515
516
519
520
522
524
525
526
527
528
1
代码覆盖率为：0.9117647058823529
