20
30
31
32
34
46
47
62
63
64
66
78
82
83
86
87
89
103
104
121
123
124
127
141
142
159
160
161
171
180
181
182
183
184
185
186
187
188
189
190
191
192
193
194
195
196
197
179
201
202
203
200
207
208
206
215
216
217
218
221
224
226
227
228
230
231
233
234
235
236
238
239
240
241
243
244
245
246
248
249
251
252
253
256
257
259
260
262
263
265
266
267
268
270
271
272
273
275
276
277
278
280
281
282
283
285
287
289
290
291
292
293
295
296
298
299
301
302
303
304
306
307
308
309
311
312
313
314
316
317
319
320
321
322
323
325
338
339
340
341
342
344
346
347
349
350
351
352
362
361
364
365
366
375
374
380
379
388
389
390
392
393
394
397
398
399
400
401
403
406
408
409
410
411
412
415
416
418
419
420
423
424
425
426
427
428
429
430
432
433
435
437
438
440
441
442
443
446
447
448
449
450
451
453
455
456
457
458
459
461
464
465
466
467
469
473
474
475
478
479
480
481
483
485
486
487
488
489
491
494
495
496
497
498
499
500
501
502
503
505
509
510
511
514
515
516
518
519
520
522
523
524
527
529
530
531
532
533
536
537
539
540
538
542
544
546
547
549
550
551
552
555
556
558
559
557
561
563
564
565
568
569
571
572
570
574
576
577
578
581
582
583
584
585
586
587
588
590
591
592
593
594
595
596
597
598
599
600
601
602
603
604
605
606
607
608
615
619
620
621
633
634
635
636
637
639
641
642
643
644
645
648
649
650
651
652
653
655
656
657
658
659
660
661
662
663
664
665
668
670
671
673
674
675
676
679
680
681
682
683
684
685
686
687
688
689
690
691
692
693
694
695
696
698
701
702
703
706
707
708
709
710
711
714
716
717
718
719
720
723
724
725
726
727
728
731
732
733
736
737
745
747
748
749
750
751
754
755
756
757
771
773
774
776
777
778
779
782
783
784
786
787
788
791
792
793
794
795
796
797
798
799
800
801
811
812
813
816
817
818
819
820
821
822
823
824
825
826
836
838
839
840
841
842
845
846
847
848
849
850
851
852
853
854
855
865
867
868
870
871
872
873
876
878
879
877
883
884
885
886
887
888
882
918
919
920
921
922
917
926
927
928
931
933
934
932
937
938
939
942
944
945
946
947
948
949
943
978
980
981
982
983
984
987
989
990
991
992
993
988
997
999
1000
1002
1003
1004
1005
5
167
代码覆盖率为：0.8304552590266876
