5
6
7
8
9
10
11
17
18
19
20
22
23
24
27
28
29
32
33
34
37
38
39
40
43
44
45
46
50
51
52
54
55
57
58
59
60
66
65
68
70
71
72
73
74
79
78
84
85
87
89
91
92
94
95
96
97
103
105
106
107
109
110
111
112
114
115
116
119
120
122
123
124
127
128
130
132
133
134
135
136
139
140
142
144
145
147
148
149
150
154
157
158
160
161
163
164
166
167
168
169
171
172
173
174
176
177
178
179
181
182
184
185
186
189
190
192
193
195
196
198
199
200
201
203
204
205
206
208
209
210
211
214
215
216
219
221
222
223
224
225
228
230
231
233
234
235
236
241
242
243
245
246
247
248
250
253
252
255
256
257
260
261
263
264
265
268
269
271
273
274
275
276
277
280
281
283
284
285
288
289
290
291
293
295
296
298
299
300
301
303
304
305
306
308
309
310
313
314
315
319
321
328
329
330
334
338
340
341
344
347
352
359
362
367
369
370
371
374
376
375
379
381
382
383
384
385
388
389
390
392
394
396
397
399
400
401
402
405
406
407
408
412
414
419
420
421
424
428
430
431
434
437
442
449
452
453
458
460
461
462
465
466
467
469
471
472
473
476
477
478
480
482
484
485
486
487
488
491
492
493
496
498
499
501
502
503
504
507
508
510
511
512
515
516
517
518
519
522
524
525
526
527
528
531
532
533
534
536
537
538
541
542
544
546
548
549
550
551
552
555
557
559
561
562
564
565
566
567
570
572
574
575
576
579
581
583
584
585
588
590
592
594
595
596
597
598
3
代码覆盖率为：0.928
