5
6
7
8
9
10
11
17
18
19
20
22
23
24
27
28
29
32
33
34
37
38
39
40
43
44
45
46
50
52
53
54
56
57
59
60
61
62
63
65
66
68
69
71
72
73
74
76
78
79
80
81
83
85
86
87
88
89
92
93
95
97
98
100
101
102
103
106
107
109
110
111
114
115
117
118
119
123
126
127
128
130
131
132
133
135
137
139
140
141
142
143
145
146
147
148
150
151
153
154
156
157
158
159
161
162
163
164
166
167
168
169
171
174
173
176
178
179
180
181
182
185
186
188
190
191
193
194
195
196
199
200
202
203
204
207
208
210
212
213
214
215
216
219
220
221
222
224
225
226
229
230
231
233
234
236
237
239
243
245
247
248
249
250
251
254
256
255
259
261
262
264
265
266
267
270
271
272
274
276
277
278
281
282
283
284
286
288
289
291
292
294
299
301
302
303
306
307
308
310
312
314
315
316
317
318
321
322
323
325
327
329
330
332
333
334
335
338
339
340
343
344
345
348
349
351
352
353
356
357
358
359
360
363
365
366
367
368
369
372
373
374
375
377
379
380
382
383
384
385
3
代码覆盖率为：0.9543726235741445
