6
7
10
11
20
39
41
42
46
47
48
68
69
72
73
77
91
92
94
95
96
97
98
100
102
104
105
106
107
108
116
115
119
120
121
127
128
130
132
133
134
135
136
143
142
150
151
153
155
156
158
159
160
161
168
169
171
172
173
179
180
182
184
185
186
202
204
206
207
209
210
211
212
214
219
216
221
223
224
225
226
227
238
239
241
237
245
247
248
249
251
252
254
255
256
257
258
260
262
264
265
267
268
269
270
274
275
276
278
280
281
283
284
285
286
289
290
291
292
293
295
296
297
304
305
306
308
309
310
313
314
316
318
319
320
3
代码覆盖率为：0.8947368421052632
