17
22
23
24
26
32
33
34
36
44
46
47
49
50
52
53
54
55
57
58
59
60
62
63
65
66
67
68
69
71
72
73
74
76
77
79
80
81
82
83
92
94
95
96
98
99
100
101
103
104
106
107
108
109
110
112
118
119
121
123
124
126
127
128
129
137
138
139
141
143
144
145
154
155
156
157
159
161
162
163
171
172
174
176
178
179
180
181
182
190
191
193
195
196
198
199
200
201
207
209
210
211
212
213
216
218
219
221
222
223
224
233
234
236
237
239
240
241
242
244
245
246
247
249
250
251
252
254
255
257
258
259
260
261
263
266
267
268
265
271
272
273
280
282
283
284
3
代码覆盖率为：0.9483870967741935
