6
7
9
10
12
13
14
15
17
20
19
22
24
25
27
28
29
30
34
33
38
39
41
42
43
48
49
50
51
54
55
56
60
61
62
65
66
67
70
73
75
76
77
78
79
84
85
86
87
88
90
91
93
94
96
97
98
99
101
102
103
104
106
107
108
109
111
112
114
115
116
117
118
120
121
123
124
126
127
128
129
131
132
133
134
143
147
151
152
155
156
158
164
166
167
170
176
177
178
180
186
187
188
190
197
198
199
207
210
211
212
214
215
216
217
219
220
221
222
224
225
227
228
229
230
231
233
234
236
237
239
240
241
242
244
245
246
247
249
250
251
252
254
256
258
259
260
261
262
264
266
268
269
270
271
272
275
277
278
280
281
282
283
286
287
288
291
292
293
296
298
299
300
301
302
305
307
308
310
311
312
313
318
319
320
321
322
323
324
325
326
327
328
317
332
333
331
338
337
344
343
354
356
357
358
370
371
372
373
376
378
379
380
381
382
397
398
399
400
401
402
403
404
405
406
409
411
412
414
415
416
417
431
432
433
434
435
438
440
441
442
443
444
445
446
447
448
449
450
452
454
456
457
458
470
471
472
473
474
477
479
480
482
484
485
486
487
488
500
501
502
505
507
508
509
510
512
514
516
517
518
530
531
532
535
537
538
540
541
542
543
545
547
549
550
551
552
553
564
565
567
568
574
575
576
579
580
581
582
583
585
578
589
590
592
595
598
600
603
609
611
612
614
615
616
617
3
代码覆盖率为：0.9185393258426966
