23
24
25
26
28
30
31
33
34
35
36
38
39
40
42
43
44
46
47
48
50
51
52
54
55
56
58
60
61
62
63
64
73
74
75
76
77
79
80
82
83
85
86
87
88
90
91
92
93
95
96
97
98
100
101
103
104
105
106
107
109
110
112
113
115
116
117
118
121
122
123
126
128
129
130
131
132
143
144
145
146
147
155
156
157
158
160
161
162
163
165
167
169
170
172
173
174
175
180
179
182
183
184
188
187
192
193
195
197
198
199
200
201
203
204
206
207
209
211
212
214
215
216
217
226
227
229
230
231
232
233
235
236
238
239
241
242
243
244
246
247
248
249
251
252
253
254
256
258
259
261
262
263
264
265
267
274
275
276
277
278
273
281
282
283
290
291
293
295
296
297
298
299
306
307
309
310
311
320
321
322
324
326
328
329
330
331
332
344
345
347
349
351
352
354
355
356
357
370
371
372
373
375
377
378
379
387
388
390
391
392
401
402
404
405
407
409
410
411
412
413
420
421
423
425
426
428
429
430
431
438
439
441
442
443
3
代码覆盖率为：0.959349593495935
