14
15
16
17
25
26
28
29
31
32
33
34
36
37
38
39
41
42
43
44
46
48
50
51
52
53
54
56
57
59
60
62
63
64
65
67
68
69
70
72
74
76
77
78
79
80
82
83
84
85
87
89
91
92
93
94
95
97
98
100
101
103
104
105
106
108
109
110
111
113
114
115
116
118
121
120
126
127
128
129
131
132
133
134
136
138
141
142
143
144
125
146
148
149
150
151
152
155
156
158
160
161
163
164
165
166
169
170
172
173
174
177
178
179
181
182
184
185
186
187
188
189
190
191
194
195
198
200
201
202
205
206
207
209
210
214
216
217
218
219
220
227
228
230
232
233
235
236
237
238
2
代码覆盖率为：0.967948717948718
