5
6
7
8
10
11
13
14
15
16
17
19
21
22
23
28
27
30
31
32
36
35
40
41
43
45
46
47
48
49
53
54
55
56
58
59
60
63
64
65
68
69
70
73
74
75
76
79
80
81
82
86
87
88
90
91
93
94
95
96
98
99
100
101
103
104
106
107
108
109
110
114
115
116
117
119
120
122
123
125
126
127
128
130
131
132
133
135
136
137
138
140
142
144
145
146
147
148
150
151
153
154
156
157
158
159
161
162
164
165
166
167
168
171
173
174
176
177
178
179
184
185
186
183
188
189
190
192
195
196
197
198
200
201
202
205
206
207
208
209
212
214
215
216
217
218
221
222
223
224
225
226
228
229
231
233
234
236
237
238
239
242
243
245
246
247
250
251
253
254
255
258
259
262
264
265
266
267
268
271
272
274
276
277
279
280
281
282
285
286
287
288
290
291
292
3
代码覆盖率为：0.9655172413793104
