4
6
7
8
11
12
13
16
18
19
20
21
22
25
27
28
30
31
32
33
36
37
38
41
42
43
47
49
50
51
52
53
56
58
59
61
62
63
64
79
80
78
83
85
86
87
88
89
91
92
94
95
97
98
99
100
102
103
104
105
107
109
110
111
113
115
117
118
119
120
121
123
124
125
126
127
129
130
132
133
135
136
137
138
140
141
142
143
145
147
148
149
151
152
154
155
156
157
158
160
165
164
170
169
175
174
179
180
186
187
189
190
191
195
197
198
200
201
202
203
206
207
211
212
213
216
217
218
222
223
224
227
228
232
234
235
236
237
238
241
242
244
245
249
251
252
254
255
256
257
260
261
263
264
268
269
270
274
277
281
282
284
288
289
290
293
297
299
300
301
302
303
306
307
309
310
311
314
315
316
317
318
320
322
323
324
325
326
329
330
332
334
335
337
338
339
340
2
代码覆盖率为：0.8722466960352423
