20
21
22
23
25
26
27
29
30
31
33
34
35
44
45
46
48
49
50
51
52
54
55
56
57
59
60
62
63
65
66
67
68
70
71
72
73
75
76
77
78
80
81
83
84
85
86
87
90
91
92
95
97
98
99
100
101
112
113
114
116
117
119
120
121
122
130
131
133
134
136
137
138
139
141
142
143
144
146
148
150
151
153
154
155
156
161
160
163
164
165
169
168
173
174
176
177
178
180
181
183
184
186
188
189
190
191
192
201
204
205
206
208
209
211
212
213
214
215
217
218
220
221
223
224
225
226
228
229
230
231
233
235
236
237
238
240
247
248
249
250
251
246
254
256
257
259
260
261
262
269
270
272
273
274
281
282
284
286
287
288
289
290
299
300
301
303
305
306
307
311
312
314
316
318
319
320
321
322
325
326
327
328
330
333
335
337
338
340
341
342
343
355
356
358
360
361
362
375
376
377
378
380
382
383
384
392
393
395
397
398
399
400
401
410
411
413
414
416
418
419
421
422
423
424
431
432
434
435
436
3
代码覆盖率为：0.927710843373494
