4
7
8
9
11
13
15
16
17
18
19
21
23
24
25
27
29
31
32
34
35
36
37
39
43
44
41
47
48
49
51
53
54
55
57
59
61
62
63
64
65
69
71
72
74
75
76
77
84
86
88
90
92
81
95
97
98
99
100
101
106
104
111
113
115
117
118
120
121
122
123
126
128
130
132
133
134
137
139
141
142
143
146
148
150
152
154
155
156
157
158
161
163
165
167
168
170
171
172
173
176
178
180
181
182
185
187
189
191
192
193
194
195
198
200
201
203
204
205
208
211
213
215
216
217
218
219
222
224
226
228
230
232
233
235
236
237
238
241
243
245
246
247
250
252
254
255
256
259
262
263
264
266
268
270
271
272
273
274
277
280
281
282
284
285
286
288
290
295
297
298
300
301
302
303
306
309
310
311
312
313
315
316
317
319
323
324
325
328
332
333
334
2
代码覆盖率为：0.9747474747474747
