5
7
8
9
11
12
13
14
16
17
19
20
21
22
23
25
27
28
29
32
34
35
36
37
38
41
43
44
46
47
48
49
52
53
54
60
61
62
58
66
67
68
71
73
75
76
77
80
82
84
86
87
88
89
90
95
93
101
99
107
105
111
113
115
116
117
120
122
124
126
127
129
130
131
132
135
137
139
140
141
144
146
148
149
150
153
155
157
159
160
161
162
163
166
168
170
172
173
175
176
177
178
181
183
185
186
187
190
192
194
196
197
198
201
203
205
207
209
210
211
212
213
216
219
221
223
224
226
227
228
229
232
235
237
238
239
243
245
247
248
250
251
252
253
255
257
258
259
262
264
265
266
267
268
271
273
274
276
277
278
279
283
285
287
289
290
291
292
293
296
298
300
301
302
305
307
309
313
315
316
317
318
319
322
324
325
326
328
330
334
336
337
339
340
341
342
345
347
349
353
354
355
3
代码覆盖率为：0.9144144144144144
