5
6
8
9
11
12
13
14
16
18
20
21
23
24
25
26
36
35
38
39
40
47
46
55
56
58
60
61
62
67
69
70
71
73
74
75
76
78
79
81
82
83
84
85
87
89
91
92
94
95
96
97
99
102
103
104
106
107
108
109
111
114
115
116
121
122
123
128
130
131
132
133
134
144
145
146
148
149
150
151
143
153
155
156
157
158
159
165
167
169
171
173
175
177
180
182
184
185
187
188
189
190
201
202
203
205
206
207
219
220
221
222
223
225
226
227
238
239
240
242
244
246
247
248
249
250
264
265
266
267
269
271
273
274
276
277
278
279
290
291
292
293
294
295
297
299
300
301
309
311
313
314
315
316
317
319
320
321
322
324
326
328
329
331
332
333
334
336
339
341
342
344
345
346
347
353
354
355
352
357
359
360
361
362
363
367
368
369
370
371
372
373
374
377
378
379
385
386
387
391
393
394
395
396
397
403
404
407
409
410
412
413
414
415
421
422
423
425
426
427
431
432
433
435
436
437
442
443
444
445
446
448
450
451
452
453
454
3
代码覆盖率为：0.9333333333333333
