9
14
15
16
18
19
20
26
30
36
37
38
44
45
46
47
52
53
55
56
57
58
59
61
64
63
66
67
68
72
71
77
81
82
83
85
86
88
89
91
92
93
94
96
97
98
99
101
103
104
105
107
108
110
111
112
113
114
116
119
121
122
124
125
126
127
129
130
131
132
134
137
138
139
144
146
147
148
149
150
155
157
158
160
161
162
163
170
171
181
182
183
184
185
187
189
190
191
192
194
195
180
198
200
201
202
203
204
210
211
213
215
216
218
219
220
221
229
230
232
233
234
243
244
246
248
249
250
251
252
260
261
262
264
265
266
278
279
280
282
284
285
286
287
288
299
300
301
302
304
306
307
309
310
311
312
321
322
324
325
328
329
330
339
340
341
343
346
347
348
357
358
360
361
364
366
368
369
370
371
372
380
381
384
383
386
388
390
391
393
394
395
396
404
406
407
408
409
3
代码覆盖率为：0.943127962085308
