6
7
8
9
11
12
13
15
16
17
19
20
21
25
26
27
28
29
30
31
32
33
35
36
37
38
39
40
41
42
45
46
47
48
49
50
51
52
53
54
55
56
57
58
61
63
68
69
70
71
72
73
74
75
76
82
83
84
86
87
88
89
90
91
92
93
96
98
102
101
104
105
106
107
110
109
113
115
116
118
119
120
121
122
123
124
126
127
129
130
131
132
136
139
140
141
142
143
144
145
146
147
148
149
150
151
152
153
154
155
156
157
159
162
163
164
165
166
167
168
171
172
173
174
175
176
177
184
185
186
187
188
183
192
193
200
201
203
204
205
206
207
208
209
217
218
220
221
222
223
224
232
233
234
236
238
239
240
241
252
253
255
257
258
271
272
273
274
276
278
279
280
281
282
283
284
293
294
296
297
298
299
300
308
309
311
312
314
315
316
317
323
324
326
327
334
335
337
3
代码覆盖率为：0.9476190476190476
