9
13
17
18
21
22
24
30
32
33
36
42
43
44
46
52
53
54
56
63
64
65
71
72
78
79
87
89
94
95
96
97
99
100
101
102
103
104
105
106
109
110
111
112
113
114
115
116
117
118
119
120
121
122
123
124
125
126
127
128
130
132
137
138
139
140
141
142
143
144
145
150
151
152
153
154
155
156
157
158
159
160
161
162
163
164
166
172
175
176
177
178
179
180
181
184
186
187
188
195
196
197
198
199
200
202
203
204
205
209
211
212
213
214
215
216
217
221
224
230
231
232
233
235
236
238
239
240
241
245
247
248
249
250
251
253
254
256
257
258
259
266
267
268
269
270
271
272
275
276
274
279
280
284
283
287
291
292
293
294
295
296
297
298
300
301
302
303
304
305
306
307
310
312
313
315
316
317
318
319
320
322
323
324
325
326
331
329
333
334
335
336
337
338
339
344
345
346
348
349
350
351
354
355
357
358
359
360
361
363
364
366
367
368
369
371
372
374
375
379
380
382
383
384
385
386
387
388
392
393
395
396
397
398
399
401
402
404
405
406
407
410
411
412
416
417
419
420
421
422
423
424
425
432
433
434
437
439
440
442
443
444
445
446
448
449
451
452
453
454
459
460
462
463
3
代码覆盖率为：0.9581881533101045
