5
7
9
10
13
14
16
19
21
22
24
27
28
29
31
34
35
36
38
41
42
43
47
48
50
52
54
56
58
67
70
71
72
73
74
75
76
79
80
81
82
83
84
85
86
87
89
90
91
92
93
94
95
97
100
101
103
104
105
106
107
109
110
112
113
114
115
117
118
119
121
122
125
126
127
128
130
131
132
133
134
135
136
140
141
142
144
145
146
147
148
150
151
153
154
155
156
158
159
161
162
165
166
167
168
171
172
173
174
175
176
177
181
182
184
185
189
190
191
192
193
195
196
197
199
202
203
204
205
207
208
210
211
214
215
219
220
221
222
223
224
225
226
227
228
231
233
234
235
236
238
243
244
246
251
252
254
259
260
262
265
266
267
268
269
270
271
277
276
279
3
代码覆盖率为：0.9553072625698324
