7
12
13
14
20
21
22
28
29
30
36
37
38
43
44
45
46
47
48
49
50
51
53
54
55
56
57
58
59
60
63
64
65
66
67
68
69
70
71
72
73
74
75
76
77
78
79
81
82
85
90
91
92
93
94
95
96
104
103
106
107
114
113
122
123
125
127
128
129
130
131
132
133
139
143
144
146
147
148
149
150
151
152
153
156
158
159
160
161
162
163
164
167
168
169
170
171
172
173
174
175
176
177
178
179
180
182
184
185
186
187
188
189
190
193
194
195
196
197
198
199
200
204
205
210
211
209
214
215
216
217
218
220
221
223
224
225
226
228
230
232
233
236
237
239
240
241
242
243
244
245
249
250
254
255
259
261
263
264
265
266
267
269
270
272
273
275
277
278
279
280
282
283
285
286
289
290
291
293
294
295
296
297
298
299
308
310
311
312
313
316
317
318
319
321
322
324
325
326
327
328
330
331
332
334
335
336
337
339
340
341
342
343
345
346
354
359
360
362
364
365
366
367
368
369
370
374
375
377
378
379
380
381
383
384
386
388
389
390
391
393
394
395
397
398
401
402
403
404
405
408
409
410
411
412
413
414
419
420
421
422
424
425
426
427
428
430
431
432
433
435
436
437
438
440
442
444
2
代码覆盖率为：0.9455782312925171
