6
7
8
9
11
12
13
15
16
17
18
20
21
22
23
25
26
27
28
30
31
32
34
35
37
38
46
47
48
49
50
51
52
53
56
59
58
61
62
63
64
65
66
67
72
71
75
77
78
80
81
82
83
86
87
91
93
94
95
96
97
98
99
100
101
102
103
104
105
106
107
108
109
110
111
113
115
116
117
118
119
120
121
124
125
126
127
128
129
130
132
135
138
142
143
144
145
147
148
149
150
151
153
154
155
156
159
160
161
162
164
165
166
168
169
173
174
175
176
178
179
180
181
182
183
184
189
190
192
194
195
196
197
198
201
202
203
204
205
208
209
210
211
220
221
222
223
224
226
227
230
231
232
233
234
235
236
237
240
242
243
244
245
246
247
248
249
250
251
252
255
256
257
258
254
261
262
264
271
272
274
275
276
280
281
279
268
284
285
288
289
290
291
292
295
296
297
298
299
300
301
305
306
314
315
316
317
318
321
322
323
325
327
328
329
330
332
333
334
335
337
339
340
343
344
346
3
代码覆盖率为：0.934156378600823
