19
21
22
23
26
27
28
31
32
33
36
37
38
43
46
47
48
57
59
60
61
62
63
64
65
66
67
68
69
70
71
72
74
75
76
77
78
79
80
81
84
85
86
87
88
89
90
91
92
93
94
95
97
108
110
111
112
113
114
115
123
125
126
128
132
131
134
135
139
138
142
144
145
147
148
149
150
151
152
153
157
158
160
161
163
164
165
166
167
176
181
182
183
184
185
186
187
190
194
195
196
197
198
200
201
202
203
204
205
206
207
210
211
212
213
214
215
216
217
218
219
220
221
222
223
225
226
227
228
229
230
231
232
235
236
237
238
239
240
241
242
245
246
247
248
249
250
251
252
253
254
255
256
257
258
260
261
262
263
264
265
266
267
270
272
281
282
283
284
285
286
287
288
289
290
291
292
293
279
300
301
302
303
305
307
309
311
313
314
315
316
317
318
320
322
323
324
325
327
329
330
334
338
339
343
344
346
347
351
353
354
355
356
357
358
359
365
366
369
370
372
373
374
377
379
380
382
384
385
387
389
391
394
395
396
397
398
401
402
404
405
406
407
410
411
413
414
417
418
420
421
422
423
424
425
426
432
435
437
438
439
440
443
444
445
447
448
449
450
451
454
455
456
457
459
460
461
462
468
469
471
472
479
480
482
483
484
485
486
487
488
498
500
501
503
505
508
511
514
515
516
517
518
529
530
532
534
535
536
537
549
550
551
552
553
554
556
558
560
561
569
570
572
573
574
575
576
577
578
588
589
591
592
594
595
596
597
598
604
605
607
608
609
610
616
617
619
620
3
代码覆盖率为：0.9561643835616438
