9
14
15
16
18
19
20
26
27
28
34
35
36
42
43
44
45
55
56
57
58
59
60
66
65
68
69
70
71
72
78
77
81
86
87
88
90
91
95
97
98
99
100
101
102
103
104
108
109
110
112
113
114
115
116
118
119
120
122
123
124
125
131
134
136
138
139
143
145
147
149
150
151
152
153
154
155
163
164
165
168
169
170
171
172
173
174
175
178
179
180
181
182
183
184
187
188
190
191
192
195
196
197
198
199
200
201
204
205
206
209
210
211
212
213
214
215
218
219
220
221
222
223
224
225
228
229
230
231
232
233
234
237
238
240
241
242
245
246
247
248
249
250
251
254
255
256
259
260
261
262
263
264
265
266
269
270
271
272
273
274
275
278
279
281
282
283
286
287
288
289
290
291
292
295
296
297
300
301
302
303
304
305
306
307
310
311
312
313
314
315
316
319
320
322
323
324
327
328
329
330
333
334
335
336
339
340
341
342
345
3
代码覆盖率为：0.9952830188679245
