28
30
31
32
33
34
35
36
39
41
45
44
47
48
49
50
53
52
57
58
61
62
71
73
74
75
76
77
78
80
84
83
88
89
90
93
94
95
96
97
98
99
109
111
113
114
122
124
126
127
128
129
130
131
134
135
136
137
138
140
141
142
143
144
145
148
149
150
151
170
172
173
175
176
177
178
179
180
181
182
183
184
185
186
187
189
190
191
192
193
194
195
196
199
206
208
210
214
215
216
217
218
224
225
226
227
228
213
230
231
234
235
236
237
238
239
240
241
245
246
247
248
249
250
252
253
255
256
257
258
259
261
262
263
265
266
269
270
271
272
274
275
277
278
281
282
285
286
288
289
290
291
292
294
302
303
304
305
306
307
308
312
313
314
315
316
318
326
327
328
329
330
337
339
340
341
342
345
344
349
350
354
355
356
360
361
362
376
378
379
380
381
382
383
386
387
388
389
385
396
397
400
401
403
404
405
406
407
408
409
413
414
415
416
417
418
420
421
422
423
424
426
427
428
429
430
432
433
434
435
441
442
446
447
3
代码覆盖率为：0.8483754512635379
