3
4
5
6
7
8
9
10
11
14
15
16
17
18
19
20
21
22
23
24
25
26
27
28
29
32
33
35
36
37
38
39
42
44
45
48
50
51
54
56
57
58
63
66
69
70
71
72
73
74
76
77
79
81
82
83
84
85
86
87
90
92
93
94
95
96
97
100
101
102
103
104
105
106
107
108
109
110
99
114
115
116
117
113
121
122
123
124
126
127
131
132
133
134
135
137
138
140
142
143
144
145
146
147
148
151
153
154
155
156
157
158
160
161
162
163
164
166
167
169
172
171
175
177
178
179
180
182
183
184
185
186
187
188
192
193
194
195
196
197
199
200
201
202
203
205
206
207
209
211
212
213
214
216
218
219
220
221
223
226
227
230
231
232
233
234
235
236
237
238
242
243
244
245
246
249
251
252
253
254
255
256
257
261
262
263
264
265
266
270
271
272
276
278
279
280
281
282
285
287
289
291
290
293
295
296
297
298
302
303
304
305
310
311
312
331
332
334
339
340
347
348
349
369
371
372
374
375
377
378
380
382
383
384
385
386
387
388
389
391
393
394
397
398
400
402
403
404
405
407
408
411
413
414
415
419
420
422
424
425
426
430
431
435
436
438
439
441
444
446
447
450
451
452
453
456
458
460
462
465
466
468
470
471
473
1
代码覆盖率为：0.9050632911392406
