11
12
14
16
18
20
22
37
41
45
46
49
50
52
58
60
61
64
70
71
72
74
80
81
82
84
91
92
93
115
118
119
120
121
122
123
124
127
129
130
131
132
133
134
136
137
138
139
140
145
146
148
149
150
151
158
159
161
162
171
172
174
175
176
177
178
179
180
189
190
191
193
194
195
196
207
208
209
211
212
213
214
215
225
226
227
228
230
231
232
233
245
246
247
249
250
263
264
265
267
268
269
270
271
272
273
283
284
286
287
290
291
292
293
294
303
304
306
307
310
311
312
313
321
322
324
325
328
329
338
339
340
342
345
346
347
348
349
350
351
363
364
365
367
368
369
370
371
383
388
389
391
392
393
394
401
402
404
405
420
421
422
424
425
426
427
428
429
430
431
434
435
436
437
438
439
440
442
443
444
445
447
452
453
455
460
461
463
468
469
471
481
483
482
485
5
31
99
376
411
476
代码覆盖率为：0.9663461538461539
