20
30
31
32
34
46
47
62
63
64
66
78
82
83
86
87
89
103
104
121
123
124
127
141
142
159
160
161
171
180
181
182
183
184
185
186
187
188
189
190
191
192
193
194
195
196
197
179
201
202
203
200
207
208
206
215
216
217
218
221
224
225
227
229
230
231
232
233
234
235
238
239
240
241
242
243
244
245
246
247
248
249
250
251
253
254
255
256
257
258
259
260
263
264
265
266
267
268
269
270
273
274
275
276
277
278
279
280
281
282
283
284
285
286
288
289
290
291
292
293
294
295
298
300
301
302
303
304
305
306
307
308
309
310
311
312
314
315
316
317
318
319
320
321
324
325
326
327
328
329
330
343
344
345
346
347
349
350
351
352
361
360
363
364
365
366
367
375
374
378
381
380
384
390
391
392
394
395
398
399
400
401
402
404
407
408
409
410
411
412
413
417
418
420
421
422
423
424
426
427
428
429
430
431
432
433
435
436
438
439
440
441
443
444
445
446
447
448
450
452
453
454
455
456
458
461
462
463
464
466
470
471
474
475
476
477
479
481
482
483
484
485
487
490
491
492
493
494
495
496
497
498
499
501
505
506
507
508
509
510
511
515
516
517
519
520
521
523
524
525
528
529
530
531
532
534
535
537
538
536
540
542
543
544
545
547
548
550
551
549
553
555
556
559
560
562
563
561
565
567
568
569
570
571
572
573
577
578
579
580
581
582
583
584
586
587
588
589
590
591
592
593
594
595
596
597
598
599
600
601
602
603
604
611
615
616
617
629
630
631
632
633
635
636
637
638
640
641
642
643
644
645
647
648
649
650
651
652
653
654
655
656
657
660
661
662
663
664
666
667
668
669
670
671
672
673
674
675
676
677
678
679
680
681
682
683
685
688
689
690
691
693
694
695
696
697
698
701
702
705
706
707
708
709
710
713
714
715
716
717
718
719
723
724
732
733
734
735
736
738
739
740
741
755
756
757
758
760
761
762
764
765
768
769
770
771
772
773
774
775
776
777
778
788
789
790
791
792
793
794
798
799
800
801
802
803
804
805
806
807
808
818
819
820
821
822
824
825
826
827
828
829
830
831
832
833
834
844
845
846
847
849
851
852
850
856
857
858
859
860
861
855
891
892
893
894
895
890
899
900
903
905
906
904
909
911
913
914
915
916
917
918
912
947
949
951
952
953
954
955
950
959
5
167
代码覆盖率为：0.8291139240506329
