10
11
12
13
14
15
16
21
23
24
25
26
27
28
29
30
32
34
19
36
37
38
39
40
44
45
46
48
43
50
51
53
56
57
58
59
61
62
65
67
69
71
73
78
77
80
81
82
83
84
85
86
91
92
94
95
96
97
100
101
102
103
104
105
106
107
108
111
112
113
114
115
118
119
120
121
122
123
124
125
126
127
128
129
132
133
134
135
138
139
141
143
146
147
148
149
150
151
152
153
154
155
156
157
158
159
160
161
163
167
169
172
176
177
181
183
185
187
191
192
193
202
190
207
209
213
214
215
216
217
218
219
225
224
230
231
233
234
235
236
237
240
243
244
245
246
249
250
252
253
257
258
260
261
262
263
264
265
266
271
272
273
276
277
278
279
280
3
代码覆盖率为：0.8842105263157894
