5
7
8
9
10
13
14
15
16
19
23
24
27
28
30
33
35
36
39
42
43
44
48
49
50
51
52
53
54
59
61
62
64
65
66
67
68
69
70
71
74
75
76
77
78
79
80
81
82
83
84
85
86
87
89
90
91
92
93
94
95
96
99
101
102
103
104
105
100
107
108
109
110
111
114
117
118
120
121
122
123
124
126
127
129
130
131
132
133
134
136
137
140
141
143
144
145
146
147
148
149
153
154
156
157
158
159
160
162
163
164
166
167
168
169
171
172
174
175
178
179
180
182
183
184
185
186
187
188
192
193
194
195
197
198
199
200
201
203
204
205
207
208
209
210
212
213
214
216
217
220
221
222
224
225
228
230
231
232
233
236
237
238
240
3
代码覆盖率为：0.9593023255813954
