5
6
7
8
9
10
11
17
18
19
20
22
23
24
27
28
29
32
33
34
37
38
39
40
43
44
45
46
50
51
52
57
56
59
60
65
64
70
71
73
75
76
77
78
79
80
81
88
90
91
92
94
95
96
97
98
99
100
101
104
106
107
108
109
111
112
113
114
115
117
118
120
121
122
123
125
126
128
129
130
131
132
134
135
137
138
142
145
146
147
148
149
150
151
152
153
154
155
157
158
160
161
162
163
164
165
166
167
170
171
172
173
174
175
176
177
180
181
182
183
184
185
186
187
188
189
190
191
192
193
195
196
197
198
199
200
201
202
205
206
208
210
212
216
217
218
219
220
221
222
223
224
225
226
229
228
231
232
233
234
235
236
237
241
242
244
245
246
247
248
250
251
253
254
255
256
258
259
261
262
265
266
267
268
270
271
272
273
274
275
276
279
280
281
282
284
285
286
287
288
290
291
292
296
298
305
306
307
311
315
317
318
321
324
329
336
339
344
346
347
348
349
351
353
352
356
357
360
361
362
364
366
367
368
369
370
371
372
376
377
378
379
383
385
390
391
392
395
399
401
402
405
408
413
420
423
424
429
431
432
433
434
436
437
438
440
442
443
444
445
446
448
449
450
452
454
455
456
457
459
460
461
464
465
468
469
471
472
473
474
475
476
477
481
482
483
484
485
488
489
490
491
492
494
495
496
497
499
500
501
502
504
505
507
509
510
513
515
517
518
519
520
521
522
523
527
529
531
532
533
534
535
537
539
541
542
543
544
546
548
550
551
3
代码覆盖率为：0.927027027027027
