5
6
7
8
9
10
11
17
18
19
20
22
23
24
27
28
29
32
33
34
37
38
39
40
43
44
45
46
50
52
53
54
55
56
57
58
59
60
61
62
63
64
66
68
69
70
71
73
74
77
78
80
81
82
83
84
85
86
90
91
93
94
95
96
98
99
101
102
103
104
105
108
111
112
113
114
115
116
117
120
121
122
123
124
125
126
128
129
130
131
132
133
134
136
137
138
139
140
141
142
143
146
147
148
149
150
151
152
153
154
155
156
157
160
159
162
163
164
165
167
168
170
171
174
175
177
178
179
180
181
182
183
187
188
190
191
192
193
194
196
197
198
199
201
202
203
204
206
207
208
210
211
213
214
216
220
222
223
226
228
227
231
232
233
234
235
236
237
241
242
243
245
247
248
249
250
251
253
254
255
256
258
260
261
263
264
266
271
273
274
275
276
278
279
280
282
284
285
288
289
290
292
294
296
297
298
301
303
304
306
308
309
310
311
312
315
317
318
319
320
322
3
代码覆盖率为：0.9487179487179487
