13
14
15
16
17
18
21
22
23
24
26
27
28
29
30
31
32
33
38
53
63
64
65
67
79
80
81
83
95
99
100
103
104
106
120
122
123
126
140
141
142
146
153
157
158
159
160
161
162
166
167
168
169
170
174
175
177
181
182
183
184
185
186
187
190
194
195
196
197
198
202
203
204
205
206
207
217
222
226
230
234
213
243
247
251
239
258
260
262
270
269
273
278
277
281
286
287
288
285
290
291
292
293
294
300
301
302
303
305
306
307
308
309
310
311
312
313
314
315
316
304
318
319
320
321
322
323
326
327
328
329
333
334
335
336
337
338
339
340
341
342
345
346
351
352
353
354
355
358
359
360
361
362
363
364
370
371
373
374
375
376
377
381
382
384
385
386
387
392
393
395
396
3
代码覆盖率为：0.9505494505494505
