6
8
11
14
17
20
23
26
29
32
35
38
41
42
43
44
45
46
50
51
52
53
54
75
77
78
79
80
81
82
83
87
89
90
91
92
93
94
95
99
101
104
107
110
113
116
125
127
128
129
131
135
136
137
139
143
147
148
151
152
154
158
160
161
164
168
169
170
174
176
181
184
188
190
193
196
199
202
205
208
211
218
222
224
226
228
229
235
239
243
246
249
250
253
257
258
259
261
262
264
266
265
270
271
256
275
276
280
281
285
286
290
291
295
296
298
299
303
304
306
307
308
309
310
311
312
317
318
320
321
322
323
324
327
328
330
332
334
336
338
340
341
342
343
346
347
349
350
354
355
356
357
358
362
363
364
365
366
367
368
373
374
376
377
379
384
385
386
387
388
389
390
395
396
398
399
401
406
407
408
409
410
413
414
416
417
418
419
422
423
424
425
426
427
431
432
434
435
439
440
441
443
444
445
446
447
448
449
454
455
457
458
459
460
461
464
465
466
467
469
470
471
472
475
476
477
479
481
483
484
486
488
490
491
495
496
497
498
499
500
504
507
508
510
515
516
517
518
519
520
521
526
527
528
529
530
531
532
533
537
538
540
542
544
546
547
548
549
550
553
554
555
556
557
558
562
564
567
568
573
574
575
576
578
579
580
581
582
583
584
588
589
594
595
596
597
598
600
604
606
609
610
614
615
616
617
618
619
620
624
625
626
629
630
631
632
633
634
635
640
641
642
643
644
645
646
647
651
652
653
654
655
658
659
660
661
662
665
667
666
671
672
673
677
678
679
683
684
685
689
692
693
696
699
702
701
704
705
706
707
710
709
714
715
717
718
721
722
724
725
726
727
728
729
730
734
735
737
738
739
740
741
743
744
747
748
749
750
752
753
756
757
761
764
766
769
772
771
774
775
776
777
778
779
780
785
784
789
790
792
793
794
795
797
798
800
801
802
803
804
806
807
809
810
811
812
814
815
818
819
822
823
826
827
828
829
830
831
832
837
839
843
846
850
849
852
853
854
855
856
859
860
862
863
864
865
869
868
875
874
880
881
884
885
889
890
893
894
895
896
897
898
899
904
906
907
912
905
914
915
916
917
918
920
921
922
924
925
926
927
3
代码覆盖率为：0.8830935251798561
