5
6
7
8
9
10
11
12
15
16
17
18
19
20
21
23
27
26
29
30
31
32
35
34
38
40
41
43
44
45
46
47
50
51
52
53
55
56
57
60
61
62
65
66
67
70
71
72
73
76
77
78
79
83
84
85
86
87
88
89
90
91
93
94
95
96
97
98
99
100
105
106
107
108
109
110
111
112
114
115
116
117
118
119
120
121
124
125
126
127
128
129
130
132
133
134
135
136
137
138
140
141
143
147
148
149
146
151
152
153
154
155
156
157
160
163
164
165
166
168
169
170
171
172
174
175
176
177
178
179
182
183
184
185
187
188
189
190
191
192
194
195
197
198
201
202
204
205
206
207
208
209
210
214
215
217
218
219
220
221
223
224
227
228
229
230
232
233
235
236
239
240
241
242
244
3
代码覆盖率为：0.9617486338797814
