6
7
8
9
10
11
12
14
18
17
20
21
25
24
28
30
31
33
34
35
36
37
38
39
45
55
56
57
59
71
72
73
75
87
91
92
95
96
98
112
114
115
118
132
133
134
138
141
142
143
144
145
147
148
150
152
153
154
155
156
157
158
161
162
163
164
165
166
167
170
171
172
173
174
175
176
178
179
180
181
182
183
184
185
188
190
191
192
193
194
195
196
197
198
199
200
201
202
203
204
205
206
209
210
208
215
216
218
219
214
222
223
224
225
226
228
229
230
231
233
234
237
238
239
240
243
244
245
247
248
250
251
252
255
256
257
261
262
264
265
271
272
279
280
282
283
284
285
286
287
288
296
297
299
300
301
302
303
317
318
320
321
322
323
326
325
329
337
344
359
360
362
363
366
367
375
376
378
379
380
381
382
383
384
391
392
394
395
396
397
400
401
403
404
405
406
407
417
418
419
421
422
423
424
426
427
429
428
432
433
440
441
443
444
445
446
447
448
449
460
461
462
464
465
466
467
468
482
483
484
485
487
488
489
490
504
505
506
508
509
526
527
528
530
531
532
533
534
535
536
569
570
572
573
576
577
578
579
580
595
596
597
599
602
603
604
605
613
614
615
617
618
3
代码覆盖率为：0.9646643109540636
