8
18
19
20
22
34
35
36
38
50
54
55
58
59
61
75
77
78
81
95
96
97
106
107
108
109
110
111
112
113
114
115
116
117
120
121
122
123
127
126
129
130
131
132
133
134
135
140
139
145
146
148
149
150
151
152
155
156
158
159
161
162
163
164
167
170
171
176
178
179
181
182
183
184
185
186
187
188
191
192
193
194
195
196
197
199
200
201
202
203
204
205
206
207
208
209
210
211
213
215
216
219
221
223
225
227
233
232
235
236
239
241
243
247
250
251
252
253
254
255
256
261
263
264
265
266
268
269
270
271
272
281
282
284
285
286
287
289
291
293
294
297
299
301
302
303
304
305
306
307
311
312
313
315
317
322
323
324
325
327
328
331
332
333
334
335
337
338
339
340
341
344
345
346
347
349
351
352
353
356
357
360
361
362
363
364
365
368
369
370
371
372
373
374
378
379
381
382
383
384
385
387
388
389
392
393
394
395
397
398
400
401
406
407
411
413
414
415
416
418
419
421
422
425
427
430
431
433
434
435
436
437
438
439
443
444
445
446
449
450
452
453
457
458
459
461
462
463
464
465
467
468
469
470
471
2
代码覆盖率为：0.9078014184397163
