6
7
8
10
13
12
15
16
20
19
24
25
27
28
29
30
31
32
33
39
40
41
42
43
44
46
47
48
49
52
53
54
57
58
59
60
61
63
66
67
68
69
73
74
75
76
78
79
80
81
82
83
84
85
88
89
90
91
92
93
94
95
96
97
98
99
100
101
103
104
105
106
107
108
109
110
113
114
115
116
117
125
129
133
134
137
138
140
146
148
149
152
158
159
160
162
168
169
170
172
179
180
181
189
192
193
194
195
196
197
198
201
202
203
204
205
206
207
208
209
210
211
212
213
214
216
217
218
219
220
221
222
223
226
227
228
229
230
231
232
233
234
235
236
237
239
240
241
242
243
244
246
247
250
252
254
256
258
262
263
264
265
266
267
268
269
270
271
272
261
276
277
275
282
281
288
287
298
300
301
302
303
304
315
316
317
318
321
322
323
324
338
339
340
341
342
343
344
345
346
347
350
351
365
366
367
368
369
372
374
375
376
377
378
379
380
381
382
383
384
386
388
390
391
392
393
394
395
396
409
410
411
412
413
416
418
419
421
422
423
424
425
436
437
438
441
443
444
445
446
448
450
452
453
454
455
466
467
468
471
473
474
476
477
478
479
481
483
484
495
496
498
499
505
506
507
510
511
512
513
514
516
509
520
521
523
526
529
531
534
540
541
542
543
544
545
546
3
代码覆盖率为：0.9113149847094801
