23
24
25
26
28
29
30
31
32
33
34
35
37
38
40
41
42
44
45
46
47
48
49
50
53
54
55
57
58
59
60
61
69
70
71
72
73
74
75
76
77
79
80
81
82
83
84
85
86
89
90
91
92
93
94
95
96
97
98
99
100
101
102
105
107
117
118
119
120
121
122
123
124
125
134
135
136
138
139
140
141
142
143
144
145
148
150
154
153
156
157
158
159
162
161
165
167
168
170
171
172
173
174
175
176
178
179
181
182
183
184
192
193
194
195
196
197
198
199
200
201
202
203
204
205
207
208
209
210
211
212
213
214
217
219
220
221
222
223
224
225
226
227
228
229
236
237
238
239
240
235
243
244
251
252
254
255
256
257
258
259
260
268
269
271
272
273
274
275
283
284
285
287
289
290
291
292
303
304
306
308
309
322
323
324
325
327
329
330
331
332
333
334
335
344
345
347
348
349
350
351
359
360
362
363
365
366
367
368
374
375
377
378
385
386
388
3
代码覆盖率为：0.9559471365638766
