18
28
29
30
32
44
45
46
48
60
64
65
68
69
71
85
87
88
91
105
106
107
116
120
125
134
143
159
170
211
214
215
216
217
218
220
221
223
225
226
227
228
229
230
231
234
239
240
242
243
244
245
246
247
248
255
256
258
259
260
261
271
272
273
275
276
277
278
279
284
285
287
288
289
290
299
300
301
303
304
319
320
321
322
324
325
326
327
328
329
330
346
347
348
350
351
352
353
354
370
371
372
374
375
376
377
393
394
395
397
398
401
402
414
415
417
418
421
422
423
424
425
426
427
442
443
445
446
449
450
451
452
453
468
469
470
472
475
476
477
478
486
487
488
490
491
498
499
500
501
502
503
504
505
506
507
508
509
510
511
513
520
521
522
523
525
530
531
533
539
540
542
556
557
559
562
564
563
566
3
代码覆盖率为：0.9625668449197861
