6
8
13
16
17
18
19
20
21
22
29
31
32
33
34
35
36
37
38
39
40
41
43
48
49
50
53
54
55
56
57
59
61
62
64
65
66
67
69
70
71
72
75
76
79
80
81
84
85
86
87
88
89
90
94
95
96
99
100
101
102
103
107
108
110
111
112
113
115
116
118
119
122
123
125
126
127
128
129
130
131
135
136
138
139
140
141
152
156
157
158
155
166
167
169
170
172
174
173
177
179
180
181
182
183
190
191
193
194
195
201
207
208
209
210
222
226
227
228
229
230
231
232
234
235
236
237
238
239
244
246
247
248
249
250
251
253
258
259
262
263
268
269
271
272
273
274
275
276
277
285
287
288
290
296
299
301
294
304
308
310
312
313
314
315
316
318
319
321
322
323
324
326
327
329
330
340
342
345
346
347
348
352
353
357
358
359
363
364
370
371
372
373
374
375
376
382
384
387
389
390
391
392
393
395
397
400
402
403
404
405
407
409
412
414
415
3
代码覆盖率为：0.9156118143459916
