6
8
13
16
17
23
25
26
27
28
29
30
31
32
33
34
35
37
42
43
44
47
48
49
50
51
52
53
57
59
60
62
63
64
65
66
68
69
70
71
74
75
76
77
79
80
81
84
85
88
89
90
93
94
95
96
97
98
99
105
106
108
109
110
111
112
114
115
117
118
119
120
122
123
125
126
129
130
132
133
134
135
136
137
138
146
148
150
155
159
160
161
162
164
168
169
170
171
172
183
187
188
189
186
197
198
200
201
203
205
204
208
210
211
212
213
220
221
223
224
225
231
237
238
251
255
256
257
258
259
260
261
263
264
265
266
267
268
273
275
276
277
278
279
280
286
289
291
284
297
299
301
302
303
304
305
306
307
311
312
314
315
316
317
318
320
321
323
324
325
326
336
338
341
342
343
344
347
348
349
353
355
358
361
365
366
372
373
378
380
383
385
386
387
388
389
390
391
395
397
400
402
403
404
405
406
408
410
413
415
416
417
418
420
422
425
427
428
3
代码覆盖率为：0.9087136929460581
