4
6
7
8
9
10
12
13
14
15
17
18
21
23
25
28
30
44
45
43
48
49
50
51
52
53
54
55
57
58
59
60
61
62
63
64
67
69
70
71
72
73
74
76
77
78
79
80
81
82
83
85
86
87
88
89
90
91
92
95
96
97
98
99
100
101
103
104
105
106
107
108
109
111
116
115
121
120
126
125
130
131
137
138
140
141
142
146
147
148
149
150
151
152
156
157
161
162
163
164
166
167
168
172
173
174
175
176
178
179
183
184
185
186
188
189
191
192
196
197
200
201
203
204
208
209
210
211
212
213
214
219
222
226
227
229
233
234
235
238
242
243
244
245
246
248
249
251
252
253
254
256
257
258
259
260
262
263
266
267
269
270
271
272
273
274
275
2
代码覆盖率为：0.8527918781725888
