9
10
11
12
13
14
15
16
17
18
19
20
21
22
23
27
28
29
30
31
32
33
34
37
38
39
40
41
42
43
44
45
46
47
53
54
55
57
58
59
60
61
62
63
64
67
68
69
70
71
72
73
74
77
79
80
81
82
83
84
85
86
87
88
89
91
92
94
96
97
98
99
100
101
102
105
115
116
117
114
119
120
124
125
127
128
129
130
131
132
133
139
140
141
143
145
147
148
149
150
153
154
155
157
158
161
163
165
166
167
168
169
171
172
174
175
176
177
179
180
182
183
187
188
190
191
193
195
196
197
198
199
200
201
207
208
209
210
211
212
213
218
219
220
221
222
225
226
228
231
232
233
234
235
236
237
240
242
243
244
245
246
247
249
250
251
252
253
254
255
257
258
259
260
261
262
263
264
266
269
270
271
272
273
274
275
278
282
281
285
287
292
293
294
295
297
298
299
300
301
304
305
307
308
309
310
313
314
316
317
323
324
326
327
328
329
330
331
332
338
339
340
341
342
343
344
346
349
350
351
352
353
356
358
359
361
363
366
368
371
372
374
379
383
384
385
386
389
390
392
393
398
399
400
401
404
407
408
409
411
413
414
415
417
3
代码覆盖率为：0.9601449275362319
