20
21
22
23
25
26
27
29
30
31
33
34
35
44
45
46
47
48
49
50
51
52
53
54
55
56
57
58
60
61
62
63
64
65
66
67
70
71
72
73
74
75
76
77
78
79
80
82
84
94
95
96
97
105
106
107
108
109
110
111
112
114
116
120
119
122
123
124
125
126
127
128
133
132
136
138
139
141
142
143
144
145
146
148
149
151
152
153
154
155
163
166
167
168
169
170
171
172
175
176
177
178
179
180
181
182
183
184
185
186
187
188
189
190
191
192
194
195
197
198
199
200
201
202
203
204
207
214
215
216
217
218
213
221
222
223
224
230
231
233
234
241
242
244
245
246
247
248
249
250
260
261
262
264
266
267
268
269
270
273
274
276
278
279
280
281
283
284
285
286
288
291
293
294
306
307
309
311
312
313
314
315
316
317
331
332
333
334
336
338
339
340
341
342
349
350
352
353
354
355
363
364
366
367
369
370
377
378
380
3
代码覆盖率为：0.9292035398230089
