5
6
7
8
9
10
11
12
15
17
26
25
28
29
30
31
32
38
37
46
47
49
51
52
53
54
58
60
61
62
63
64
65
66
67
68
69
70
71
72
73
74
75
76
78
79
81
84
85
86
87
88
89
90
93
94
95
96
97
98
99
102
106
110
119
120
121
123
124
125
126
118
128
129
135
137
139
141
143
145
147
150
152
153
154
155
156
157
158
170
171
172
174
175
176
177
188
189
190
191
192
194
195
196
197
198
208
209
210
212
214
215
216
217
230
231
232
233
235
237
238
249
250
251
252
253
254
256
258
259
260
261
262
263
264
273
275
276
277
278
279
280
281
283
285
286
287
288
289
290
291
294
297
302
303
304
301
306
307
308
309
310
313
314
315
316
317
318
319
320
323
324
325
326
331
332
333
337
338
344
345
348
349
350
351
352
353
354
361
362
363
365
366
367
368
369
372
373
374
376
377
378
379
383
384
385
386
387
389
390
3
代码覆盖率为：0.9254385964912281
