4
7
8
9
10
11
12
13
16
18
19
20
21
22
23
25
26
27
28
29
31
32
34
38
39
36
42
43
44
45
46
47
48
51
53
54
55
56
57
58
60
63
69
71
73
75
77
66
80
81
82
83
87
85
90
93
95
97
98
101
103
105
107
108
109
110
111
112
113
117
119
121
122
123
124
126
128
130
132
133
134
135
136
138
140
142
143
144
145
147
149
151
152
155
157
159
160
161
162
163
164
165
169
171
172
174
175
176
177
178
180
183
185
186
187
188
190
192
194
196
198
199
202
204
206
207
208
209
210
211
212
216
218
220
221
222
223
224
226
229
230
231
233
235
236
237
238
240
243
244
245
247
248
249
251
253
258
259
262
265
266
267
268
269
271
272
273
275
279
281
285
2
代码覆盖率为：0.9717514124293786
