5
7
8
9
10
11
12
13
14
15
16
17
18
19
20
21
22
23
25
26
27
28
30
31
34
36
41
42
43
39
47
48
49
50
51
52
53
57
59
61
62
63
64
65
67
69
71
72
73
74
78
76
84
82
90
88
94
96
98
99
102
104
106
107
108
109
110
111
112
116
118
120
121
122
123
124
126
128
130
131
132
133
135
137
139
140
143
145
147
148
149
150
151
152
153
157
159
161
162
163
164
166
168
170
172
173
174
175
176
178
180
182
184
185
186
187
189
192
194
195
198
201
203
204
205
206
207
208
209
214
216
217
219
221
223
225
228
230
232
233
234
235
236
238
240
242
243
244
245
247
249
251
255
256
259
261
262
263
265
267
271
272
273
274
275
276
277
281
283
285
289
290
291
292
293
3
代码覆盖率为：0.9025641025641026
