5
7
8
9
10
11
12
13
16
17
18
19
20
21
22
23
24
25
26
27
29
30
31
32
34
35
38
40
45
46
47
43
51
52
53
54
55
56
57
61
63
65
66
67
68
69
71
73
75
76
77
78
82
80
88
86
94
92
98
100
102
103
106
108
110
111
112
113
114
115
116
120
122
124
125
126
127
128
130
132
134
135
136
137
139
141
143
144
147
149
151
152
153
154
155
156
157
161
163
165
166
167
168
170
172
174
176
177
178
179
180
182
184
186
188
189
190
191
193
196
198
199
202
205
207
208
209
210
211
212
213
218
220
221
222
223
224
225
226
227
229
231
233
235
238
240
242
243
244
245
246
248
250
252
253
254
255
257
259
261
262
266
267
270
272
273
275
276
278
279
283
284
285
286
287
288
289
293
295
297
298
302
303
304
305
306
3
代码覆盖率为：0.9077669902912622
