9
14
15
16
18
19
20
26
30
36
37
38
44
45
46
47
52
53
54
55
56
57
58
59
62
65
64
67
68
69
70
71
72
73
78
77
81
84
88
89
90
91
92
93
94
95
96
97
98
99
100
102
104
105
106
107
108
109
110
113
114
115
116
117
118
119
122
123
124
125
126
127
128
130
133
137
141
147
148
151
159
160
161
162
163
165
167
168
169
170
172
173
158
176
177
178
179
184
185
187
188
189
190
191
198
199
201
202
203
204
212
213
215
216
224
225
226
228
229
230
231
232
233
234
247
248
249
251
252
253
254
255
265
266
267
268
270
271
272
273
281
282
284
285
288
289
298
299
300
302
305
306
307
308
309
310
311
321
322
324
325
328
330
331
332
333
334
341
342
345
344
347
349
350
351
352
359
361
362
363
3
代码覆盖率为：0.9378238341968912
