4
15
19
20
21
22
23
24
26
27
28
31
32
33
35
36
43
44
45
46
47
48
50
51
52
55
56
57
59
60
68
69
70
72
74
78
80
87
88
89
90
91
92
94
95
96
99
100
101
103
104
110
111
112
114
116
120
122
126
127
128
129
130
132
133
134
137
138
139
141
142
145
146
148
150
154
156
161
162
163
164
166
168
172
174
176
177
178
179
180
181
183
184
185
188
189
190
192
193
195
202
203
205
207
211
213
215
216
217
218
219
220
222
223
224
227
228
229
231
232
234
235
236
238
240
244
246
248
251
252
253
254
255
250
257
258
259
260
261
263
264
265
268
269
270
272
273
276
277
278
279
281
283
284
286
288
292
294
297
298
299
300
301
302
303
306
308
309
310
311
312
314
315
316
319
320
321
323
324
327
328
330
331
333
335
339
341
344
345
347
349
350
351
352
353
355
356
357
360
361
362
364
365
368
369
371
372
374
376
380
382
3
代码覆盖率为：0.9769585253456221
