6
7
8
9
11
12
13
15
16
17
19
20
21
25
26
27
28
30
32
36
38
40
41
42
44
46
50
52
54
55
56
57
58
59
61
62
63
66
67
68
70
71
73
74
75
77
79
83
85
87
88
89
90
91
92
94
95
96
99
100
101
103
104
106
107
108
110
112
116
118
121
122
124
126
130
132
135
136
137
138
139
141
142
143
146
147
148
150
151
157
158
159
160
161
162
163
165
166
167
170
171
172
174
175
180
181
182
184
186
190
192
194
195
196
197
198
199
201
202
203
206
207
208
210
211
213
215
216
218
220
224
226
231
230
233
234
236
238
242
244
248
247
252
253
255
256
257
258
259
261
262
263
266
267
268
270
271
273
274
276
277
279
280
282
284
288
290
295
298
299
301
303
307
309
311
312
313
314
315
316
318
319
320
323
324
325
327
328
330
331
332
334
336
340
342
344
345
346
347
348
349
351
352
353
356
357
358
360
361
363
366
367
369
371
375
377
379
380
381
382
383
384
386
387
388
391
392
393
395
396
398
405
406
407
408
409
404
413
414
415
416
417
419
420
421
424
425
426
428
429
436
437
439
440
441
442
443
445
446
447
450
451
452
454
455
462
463
465
466
468
470
474
476
485
486
487
489
491
492
493
494
495
497
498
499
502
503
504
506
507
519
520
522
524
525
527
529
533
535
548
549
550
551
553
555
556
557
558
559
561
562
563
566
567
568
570
571
579
580
582
583
585
587
591
593
602
603
605
606
608
609
610
611
612
614
615
616
619
620
621
623
624
631
632
634
635
637
639
643
645
652
653
655
656
657
658
659
661
662
663
666
667
668
670
671
3
代码覆盖率为：0.9708222811671088
