9
13
17
18
21
22
24
30
32
33
36
42
43
44
46
52
53
54
56
63
64
65
71
72
78
79
87
89
94
95
96
97
98
99
100
102
103
104
107
108
109
111
112
114
115
116
118
120
124
126
128
129
130
131
132
133
135
136
137
140
141
142
144
145
147
148
149
151
153
157
159
161
162
163
164
165
166
168
169
170
173
174
175
177
178
180
181
182
184
186
190
192
194
195
197
199
203
205
208
209
210
211
212
214
215
216
219
220
221
223
224
230
231
232
233
234
235
236
238
239
240
243
244
245
247
248
252
253
254
255
257
259
263
265
267
268
269
271
273
277
279
281
282
283
284
285
286
288
289
290
293
294
295
297
298
300
301
303
305
309
311
318
321
322
323
324
325
327
328
329
332
333
334
336
337
339
341
342
343
350
351
352
353
354
355
357
358
359
360
364
366
367
369
371
375
377
380
383
389
390
391
392
394
395
397
398
399
400
404
406
407
408
409
410
412
413
414
417
418
419
421
422
425
426
428
429
431
433
437
439
447
448
449
451
453
457
459
461
464
465
463
468
469
470
471
472
474
475
476
479
480
481
483
484
488
487
494
495
496
497
498
499
501
502
503
506
507
508
510
511
513
514
515
516
517
518
520
521
522
525
526
527
529
530
532
533
534
536
538
542
544
546
548
549
551
552
553
554
555
557
558
559
562
563
564
566
567
569
571
572
574
576
580
582
584
589
587
591
592
594
596
600
602
606
607
608
610
611
612
613
614
616
617
618
621
622
623
625
626
630
631
633
634
636
638
642
644
647
648
650
651
652
653
654
656
657
658
661
662
663
665
666
669
670
672
673
674
675
676
678
679
680
683
684
685
687
688
692
693
695
696
698
700
704
706
709
710
712
713
714
715
716
718
719
720
723
724
725
727
728
731
732
734
735
737
739
743
745
749
750
751
752
753
754
756
757
758
761
762
763
765
766
770
771
773
774
776
778
782
784
790
791
792
796
797
799
800
801
802
803
805
806
807
810
811
812
814
815
818
819
821
822
824
826
830
832
838
839
841
842
843
844
845
847
848
849
852
853
854
856
857
3
代码覆盖率为：0.9752066115702479
