5
6
9
11
12
13
14
15
17
18
19
22
23
24
26
27
29
30
31
33
35
39
41
43
44
45
46
47
48
50
51
52
55
56
57
59
60
62
64
65
67
69
73
75
77
80
81
82
83
84
86
87
88
91
92
93
95
96
98
99
100
101
102
103
105
106
107
110
111
112
114
115
117
120
121
123
125
129
131
136
137
138
139
140
142
143
144
147
148
149
151
152
157
158
160
162
166
168
178
179
180
182
183
184
185
177
187
188
190
192
196
198
204
206
208
210
212
214
216
219
221
222
223
224
225
227
228
229
232
233
234
236
237
248
249
250
252
253
255
257
261
263
275
276
277
278
279
281
282
283
284
285
287
288
289
292
293
294
296
297
308
309
310
312
314
315
317
319
323
325
337
339
340
341
342
343
346
347
348
349
350
352
353
354
357
358
359
361
362
372
373
374
375
377
379
380
382
384
388
390
401
402
403
404
405
406
408
410
411
412
413
414
416
417
418
421
422
423
425
426
3
代码覆盖率为：0.9608695652173913
