5
7
9
10
13
14
16
19
21
22
24
27
28
29
31
34
35
36
38
41
42
43
47
48
50
52
54
56
58
67
70
71
73
75
79
81
83
84
85
86
87
88
90
91
92
95
96
97
99
100
102
103
104
106
107
109
111
115
117
119
120
121
122
123
124
126
127
128
131
132
133
135
136
138
141
142
144
145
147
149
153
155
158
159
161
162
163
164
165
167
168
169
172
173
174
176
177
180
181
182
184
185
187
189
193
195
198
199
200
201
203
204
205
206
207
209
210
211
214
215
216
218
219
222
223
224
226
227
228
229
230
232
233
234
237
238
239
241
242
245
246
248
249
251
253
257
259
262
263
265
266
267
268
269
271
272
273
276
277
278
280
281
284
285
286
287
290
291
293
295
299
301
304
305
307
308
312
313
314
315
316
318
319
320
323
324
325
327
328
331
332
333
335
338
339
341
343
347
349
352
353
355
356
359
360
361
362
363
365
366
367
370
371
372
374
375
379
380
381
382
383
385
387
391
393
395
397
398
399
400
402
403
405
407
411
413
419
420
422
423
424
425
426
428
429
430
433
434
435
437
438
444
445
447
448
450
452
456
458
464
465
467
468
469
470
471
473
474
475
478
479
480
482
483
487
488
489
490
491
492
494
495
496
499
500
501
503
504
506
507
513
512
515
516
518
520
524
526
3
代码覆盖率为：0.9739413680781759
