4
5
8
10
11
12
13
14
16
17
18
21
22
23
25
26
28
29
30
32
34
38
40
42
43
44
45
46
47
49
50
51
54
55
56
58
59
61
63
64
66
68
72
74
76
79
80
81
82
83
85
86
87
90
91
92
94
95
97
98
99
100
101
102
104
105
106
109
110
111
113
114
116
119
120
122
124
128
130
135
136
137
138
139
141
142
143
146
147
148
150
151
156
157
159
161
165
167
177
178
179
181
182
183
184
176
186
187
189
191
195
197
203
205
207
209
211
213
215
218
220
221
222
223
224
226
227
228
231
232
233
235
236
247
248
249
251
252
254
256
260
262
274
275
276
277
278
280
281
282
283
284
286
287
288
291
292
293
295
296
307
308
309
311
313
314
316
318
322
324
336
338
339
340
341
342
345
346
347
348
349
351
352
353
356
357
358
360
361
371
372
373
374
376
378
379
381
383
387
389
400
401
402
403
404
405
407
409
410
411
412
413
415
416
417
420
421
422
424
425
2
代码覆盖率为：0.9608695652173913
