7
12
13
14
20
21
22
28
29
30
36
37
38
43
44
45
46
48
50
54
56
58
59
60
61
62
63
65
66
67
70
71
72
74
75
77
78
79
81
83
87
89
91
92
93
94
95
96
98
99
100
103
104
105
107
108
110
111
112
114
116
120
122
124
125
126
127
128
129
131
132
133
136
137
138
140
141
144
145
146
147
148
150
151
152
155
156
157
159
160
163
164
166
168
172
174
180
181
182
183
184
185
186
188
189
190
193
194
195
197
198
207
206
209
210
212
214
218
220
227
226
235
236
238
240
241
242
243
244
246
247
248
251
252
253
255
256
261
265
266
267
269
271
275
277
279
281
282
283
284
285
287
288
289
292
293
294
296
297
299
300
301
303
305
309
311
313
314
315
316
317
318
320
321
322
325
326
327
329
330
332
333
334
336
338
342
344
346
348
349
350
351
352
354
355
356
359
360
361
363
364
366
367
368
369
370
371
372
374
375
376
379
380
381
383
384
386
390
391
396
397
395
400
401
403
405
409
411
414
415
417
418
419
420
421
423
424
425
428
429
430
432
433
436
438
440
441
443
445
449
451
454
455
457
458
460
462
466
468
471
472
476
477
481
483
485
486
487
488
489
491
492
493
496
497
498
500
501
504
505
507
508
510
512
513
515
517
521
523
526
527
529
530
531
532
533
535
536
537
540
541
542
544
545
548
549
550
552
553
555
557
561
563
571
573
574
575
576
579
580
581
582
583
585
586
587
590
591
592
594
595
598
599
601
602
604
606
610
612
615
616
617
619
620
621
622
623
625
626
627
630
631
632
634
635
638
639
640
641
642
644
645
647
649
653
655
663
668
669
671
673
674
675
676
677
679
680
681
684
685
686
688
689
692
693
695
696
697
698
699
701
702
703
706
707
708
710
711
714
715
717
719
720
722
724
728
730
733
734
735
737
738
739
740
741
743
744
745
748
749
750
752
753
756
757
758
759
760
763
764
766
768
772
774
778
779
780
781
783
784
785
786
787
789
790
791
794
795
796
798
799
802
803
804
805
807
808
810
812
816
818
821
822
824
826
830
832
835
836
837
838
839
841
842
843
846
847
848
850
851
854
855
857
859
863
865
2
代码覆盖率为：0.9681908548707754
