6
7
8
9
11
12
13
15
16
17
18
20
21
22
23
25
26
27
28
30
31
32
34
35
37
38
46
47
48
49
50
51
53
54
55
58
59
60
62
63
65
68
67
70
71
72
73
74
76
77
78
81
82
83
85
86
90
89
94
95
97
98
100
102
106
108
112
113
117
119
120
122
124
128
130
132
133
134
135
136
137
139
140
141
144
145
146
148
149
151
152
153
155
157
161
163
165
166
167
168
169
170
172
173
174
177
178
179
181
182
184
186
187
189
191
195
197
199
200
201
202
203
204
206
207
208
211
212
213
215
216
218
220
221
223
225
229
231
235
236
237
238
239
241
242
243
246
247
248
250
251
255
256
258
260
264
266
271
272
273
274
276
277
278
279
280
282
283
284
287
288
289
291
292
295
296
297
298
301
302
304
306
310
312
315
316
317
319
320
321
322
323
325
326
327
330
331
332
334
335
339
340
341
342
344
345
346
347
348
350
351
352
355
356
357
359
360
364
365
367
369
370
372
374
378
380
384
385
386
387
388
391
392
393
394
395
397
398
399
402
403
404
406
407
417
418
419
421
423
427
429
432
433
435
437
441
443
446
447
448
449
450
451
453
454
455
458
459
460
462
463
465
467
468
470
472
476
478
480
481
482
483
484
485
487
488
489
492
493
494
496
497
499
502
503
504
505
501
508
509
511
513
517
519
521
528
529
531
532
533
537
538
536
525
541
542
544
546
550
552
555
556
557
558
559
562
563
564
565
566
568
569
570
573
574
575
577
578
581
582
590
591
593
595
599
601
605
606
607
609
611
612
613
614
615
617
618
619
622
623
624
626
627
630
631
632
633
635
637
638
640
642
646
648
651
652
654
655
656
657
658
660
661
662
665
666
667
669
670
3
代码覆盖率为：0.9605911330049262
