19
21
22
23
26
27
28
31
32
33
36
37
38
43
46
47
48
57
59
60
61
63
65
69
71
73
74
75
76
77
78
80
81
82
85
86
87
89
90
92
93
94
96
98
102
104
106
107
108
109
110
111
113
114
115
118
119
120
122
123
125
126
127
129
131
135
137
139
140
141
142
143
144
146
147
148
151
152
153
155
156
158
159
160
161
162
164
165
166
169
170
171
173
174
177
178
180
182
186
188
200
202
203
204
206
208
212
214
223
225
226
228
229
230
231
232
234
235
236
239
240
241
243
244
249
248
251
252
253
254
255
257
258
259
262
263
264
266
267
271
270
275
276
278
279
281
283
287
289
292
293
295
296
298
299
300
301
302
304
305
306
309
310
311
313
314
324
329
330
331
332
333
334
335
338
342
343
344
345
346
347
348
349
350
352
354
358
360
362
363
364
365
366
367
369
370
371
374
375
376
378
379
381
382
383
385
387
391
393
395
396
397
398
399
400
402
403
404
407
408
409
411
412
414
415
416
418
420
424
426
428
429
430
431
432
433
435
436
437
440
441
442
444
445
447
448
449
450
451
452
454
455
456
459
460
461
463
464
466
468
469
471
473
477
479
489
490
491
492
493
494
495
496
497
498
499
500
501
487
508
509
511
513
517
519
522
524
526
528
530
531
532
533
534
535
537
539
540
541
542
544
546
547
549
551
555
557
561
565
566
570
571
573
574
578
580
581
582
583
584
586
587
588
591
592
593
595
596
601
602
605
606
608
609
610
613
615
616
618
620
621
623
625
627
630
631
633
635
639
641
645
646
648
649
650
651
652
654
655
656
659
660
661
663
664
668
669
671
672
674
676
680
682
685
686
688
689
690
691
692
694
695
696
699
700
701
703
704
709
712
714
715
717
719
723
725
729
730
731
733
734
735
736
737
739
740
741
744
745
746
748
749
753
754
755
756
758
759
761
763
767
769
776
777
779
780
781
782
783
785
786
787
790
791
792
794
795
802
803
805
806
807
808
809
811
812
813
816
817
818
820
821
830
832
833
835
837
840
843
846
847
849
851
855
857
869
870
872
874
875
876
877
878
880
881
882
885
886
887
889
890
903
904
905
906
907
908
910
912
914
915
917
919
923
925
933
934
936
937
938
939
940
942
943
944
947
948
949
951
952
961
962
964
965
967
968
970
972
976
978
985
986
988
989
990
991
992
994
995
996
999
1000
1001
1003
1004
1011
1012
1014
1015
1017
1019
1023
1025
3
代码覆盖率为：0.9714285714285714
