9
14
15
16
18
19
20
26
27
28
34
35
36
42
43
44
45
55
56
57
58
59
60
62
63
64
67
68
69
71
72
74
80
79
82
83
85
87
91
93
100
99
107
108
109
111
112
113
114
115
117
118
119
122
123
124
126
127
131
133
134
135
137
139
143
145
148
149
150
152
153
154
155
156
158
159
160
163
164
165
167
168
171
172
173
175
176
178
180
184
186
193
196
198
200
201
203
205
209
211
215
217
219
221
222
223
224
225
227
228
229
232
233
234
236
237
244
245
246
249
250
252
254
258
260
262
263
264
267
268
269
270
271
273
274
275
278
279
280
282
283
285
286
287
290
291
293
295
299
301
303
304
305
308
309
310
311
312
314
315
316
319
320
321
323
324
326
327
328
331
332
334
336
340
342
344
345
346
349
350
351
352
353
355
356
357
360
361
362
364
365
367
368
369
372
373
375
377
381
383
385
386
387
390
391
392
393
394
396
397
398
401
402
403
405
406
408
409
410
413
414
415
416
417
419
420
421
424
425
426
428
429
431
432
433
436
437
439
441
445
447
449
450
451
454
455
456
457
458
460
461
462
465
466
467
469
470
472
473
474
477
478
480
482
486
488
490
491
492
495
496
497
498
499
501
502
503
506
507
508
510
511
513
514
515
518
519
521
523
527
529
531
532
533
536
537
538
539
540
542
543
544
547
548
549
551
552
554
555
556
559
560
562
564
568
570
572
573
574
577
578
579
580
581
583
584
585
588
589
590
592
593
595
596
597
600
601
603
605
609
611
613
614
615
618
619
620
621
622
624
625
626
629
630
631
633
634
636
637
638
641
642
644
646
650
652
3
代码覆盖率为：0.9972826086956522
