5
6
7
9
11
15
17
20
21
22
23
24
26
27
28
31
32
33
35
36
39
40
42
44
48
50
54
55
57
59
63
65
67
68
69
70
71
72
74
75
76
79
80
81
83
84
86
87
88
90
92
96
98
100
101
102
103
104
105
107
108
109
112
113
114
116
117
119
120
121
123
125
129
131
133
134
135
136
137
138
140
141
142
145
146
147
149
150
152
153
154
156
158
162
164
166
169
170
171
172
173
175
176
177
180
181
182
184
185
187
190
191
193
194
195
196
198
199
201
202
204
206
207
189
209
210
211
212
213
215
216
217
220
221
222
224
225
229
230
231
233
239
240
241
246
248
249
251
253
257
259
263
264
265
266
268
275
276
277
278
283
285
286
287
288
289
291
292
293
296
297
298
300
301
304
306
307
309
311
312
314
316
320
322
325
326
327
329
331
332
333
334
335
337
338
339
342
343
344
346
347
352
353
354
355
356
359
360
362
364
368
370
374
375
376
378
379
380
381
382
384
385
386
389
390
391
393
394
398
399
400
401
403
404
406
408
412
414
418
419
421
422
423
424
425
427
428
429
432
433
434
436
437
3
代码覆盖率为：0.927007299270073
