28
30
31
33
35
39
41
43
45
46
48
50
54
56
61
60
63
64
65
66
67
69
70
71
74
75
76
78
79
83
82
87
88
91
92
94
96
100
102
111
113
114
115
116
117
119
120
121
124
125
126
128
129
131
133
134
135
136
137
139
140
141
144
145
146
148
149
154
153
158
159
160
163
164
166
168
172
174
183
185
187
188
196
198
200
201
202
203
204
205
208
209
210
211
212
214
215
216
219
220
221
223
224
227
228
229
230
231
232
235
236
238
240
244
246
266
268
269
271
272
274
276
280
282
284
285
286
287
288
289
291
292
293
296
297
298
300
301
303
304
305
307
309
313
315
317
318
319
320
321
322
324
325
326
329
330
331
333
334
336
343
344
346
348
352
354
357
358
359
360
361
363
364
365
368
369
370
372
373
376
377
379
381
385
387
392
393
394
395
396
402
403
404
405
406
391
408
409
410
411
412
414
415
416
419
420
421
423
424
427
428
429
431
433
437
439
442
443
444
445
446
447
448
450
451
452
455
456
457
459
460
463
464
466
467
469
471
475
477
480
481
482
484
485
488
489
490
491
492
494
495
496
499
500
501
503
504
507
508
510
511
514
515
517
519
523
525
528
529
531
532
533
534
535
537
545
546
547
548
549
551
552
553
556
557
558
560
561
564
565
566
567
568
570
578
579
580
581
582
584
585
586
589
590
591
593
594
602
604
605
607
609
613
615
619
618
623
624
628
629
630
634
635
636
650
652
653
655
657
661
663
665
668
669
670
671
667
678
679
680
681
682
684
685
686
689
690
691
693
694
697
698
700
701
703
705
709
711
714
715
716
717
718
719
721
722
723
724
725
727
728
729
732
733
734
736
737
740
741
742
743
744
746
747
749
751
755
757
764
765
769
770
771
772
773
775
776
777
780
781
782
784
785
3
代码覆盖率为：0.9017857142857143
