3
4
5
6
7
8
9
11
12
13
16
17
18
20
21
23
24
25
27
29
33
35
37
38
39
40
41
42
44
45
46
49
50
51
53
54
56
57
58
60
62
66
68
72
73
75
76
77
78
79
82
84
85
88
90
91
94
96
97
98
103
106
107
109
111
115
117
121
122
124
126
130
132
134
136
137
138
139
140
142
143
144
147
148
149
151
152
154
156
157
159
161
165
167
169
171
172
173
174
175
177
178
179
182
183
184
186
187
189
192
193
194
195
196
197
198
199
200
201
202
191
206
207
208
209
205
213
214
215
216
218
219
220
221
222
224
225
226
229
230
231
233
234
238
239
241
243
247
249
251
253
254
256
258
262
264
266
268
269
270
271
272
274
275
276
279
280
281
283
284
286
288
289
291
293
297
299
301
303
304
305
306
307
309
310
311
314
315
316
318
319
321
323
324
326
328
332
334
336
339
338
343
344
345
346
348
349
350
351
352
354
355
356
359
360
361
363
364
367
368
369
370
371
372
374
375
377
379
383
385
388
389
390
392
394
395
396
397
398
400
401
402
405
406
407
409
410
413
415
416
417
418
420
423
424
426
428
432
434
437
438
439
440
441
442
443
444
445
449
450
451
452
453
456
458
459
460
461
462
464
465
466
469
470
471
473
474
477
478
479
480
481
482
486
487
488
492
494
495
497
499
503
505
509
511
513
515
514
517
519
520
521
522
523
525
526
527
530
531
532
534
535
540
541
542
543
548
549
550
569
570
572
577
578
585
586
587
607
609
610
612
613
615
616
618
620
621
622
623
624
625
626
627
629
631
632
635
636
638
640
641
642
643
645
646
649
651
652
653
657
658
660
662
663
664
668
669
673
674
676
677
679
682
684
685
687
689
693
695
698
699
700
701
704
706
708
710
711
712
713
714
716
717
718
721
722
723
725
726
730
731
733
734
736
738
742
744
747
748
750
751
752
753
754
756
757
758
761
762
763
765
766
1
代码覆盖率为：0.9352051835853131
