11
12
14
16
18
20
22
37
41
45
46
49
50
52
58
60
61
64
70
71
72
74
80
81
82
84
91
92
93
115
118
119
120
121
122
124
125
126
129
130
131
133
134
136
138
139
141
143
147
149
151
153
154
155
156
157
159
160
161
164
165
166
168
169
171
176
177
179
180
182
184
188
190
198
199
201
202
203
204
205
207
208
209
212
213
214
216
217
226
227
229
230
232
234
238
240
248
249
250
252
253
254
255
256
258
259
260
263
264
265
267
268
280
281
282
284
285
287
289
293
295
306
307
308
309
311
312
313
314
315
317
318
319
322
323
324
326
327
340
341
342
344
345
347
349
353
355
368
369
370
372
373
374
375
376
378
379
380
383
384
385
387
388
397
398
400
401
404
405
406
407
408
410
411
412
415
416
417
419
420
430
431
433
434
437
438
440
442
446
448
457
458
460
461
464
465
466
467
468
470
471
472
475
476
477
479
480
489
490
491
493
496
497
499
501
505
507
518
519
520
522
523
524
525
526
528
529
530
533
534
535
537
538
551
556
557
559
560
562
564
568
570
578
579
581
582
583
584
585
587
588
589
592
593
594
596
597
612
613
614
616
618
622
624
626
627
628
630
632
636
638
640
641
642
643
644
645
647
648
649
652
653
654
656
657
659
661
662
663
664
666
667
669
671
675
677
683
684
686
687
688
689
690
692
693
694
697
698
699
701
702
708
709
711
712
714
716
720
722
728
729
731
732
733
734
735
737
738
739
742
743
744
746
747
758
760
759
762
763
765
767
771
773
5
31
99
544
603
753
代码覆盖率为：0.9803370786516854
