20
30
31
32
34
46
47
62
63
64
66
78
82
83
86
87
89
103
104
121
123
124
127
141
142
159
160
161
171
180
181
182
183
184
185
186
187
188
189
190
191
192
193
194
195
196
197
179
201
202
203
200
207
208
206
215
216
217
218
221
224
226
227
228
229
231
233
237
239
241
242
243
244
245
246
248
249
250
253
254
255
257
258
260
261
262
264
266
270
272
274
275
276
277
278
279
281
282
283
286
287
288
290
291
293
294
295
297
299
303
305
307
308
309
310
311
312
314
315
316
319
320
321
323
324
326
327
328
329
330
331
333
334
335
338
339
340
342
343
345
346
347
349
351
355
357
359
361
362
363
364
365
367
368
369
372
373
374
376
377
379
380
381
383
385
389
391
393
394
395
396
397
398
400
401
402
405
406
407
409
410
412
413
414
416
418
422
424
426
427
428
429
430
431
433
434
435
438
439
440
442
443
445
458
459
460
461
462
464
465
467
469
473
475
485
484
487
488
489
490
491
493
494
495
498
499
500
502
503
512
511
517
516
525
526
527
529
530
532
534
538
540
543
544
545
546
547
549
552
553
554
555
556
558
559
560
563
564
565
567
568
571
572
574
575
577
579
583
585
588
589
590
591
592
593
594
595
597
598
600
601
603
605
609
611
614
615
616
617
618
619
621
623
624
625
626
627
629
632
633
634
635
637
641
642
643
644
645
647
648
649
652
653
654
656
657
660
661
662
663
665
667
668
669
670
671
673
676
677
678
679
680
681
682
683
684
685
687
691
692
694
696
700
702
705
706
707
709
710
711
713
714
715
718
719
720
721
722
724
725
726
729
730
731
733
734
737
738
740
741
739
743
745
746
748
750
754
756
759
760
762
763
761
765
767
768
769
770
771
773
774
775
778
779
780
782
783
786
787
789
790
788
792
794
795
797
799
803
805
808
809
810
811
812
813
814
815
817
818
819
820
821
822
823
824
825
826
827
828
829
830
831
832
833
834
835
842
846
847
848
860
861
862
863
864
866
867
868
869
870
872
873
874
877
878
879
881
882
885
886
887
888
889
890
892
893
894
895
896
897
898
899
900
901
902
905
906
908
910
914
916
919
920
921
922
923
924
925
926
927
928
929
930
931
932
933
934
935
936
938
941
942
943
944
945
947
948
949
952
953
954
956
957
960
961
962
963
964
965
968
969
970
971
972
974
975
976
979
980
981
983
984
987
988
989
990
991
992
995
996
998
1000
1004
1006
1009
1010
1018
1019
1020
1021
1022
1024
1025
1026
1029
1030
1031
1033
1034
1037
1038
1039
1040
1054
1055
1057
1059
1063
1065
1068
1069
1070
1072
1073
1074
1075
1076
1078
1079
1080
1083
1084
1085
1087
1088
1091
1092
1093
1094
1095
1096
1097
1098
1099
1100
1101
1111
1112
1114
1116
1120
1122
1125
1126
1127
1128
1129
1130
1131
1132
1133
1134
1135
1145
1146
1147
1148
1149
1151
1152
1153
1156
1157
1158
1160
1161
1164
1165
1166
1167
1168
1169
1170
1171
1172
1173
1174
1184
1185
1187
1189
1193
1195
1198
1200
1201
1199
1205
1206
1207
1208
1209
1210
1204
1240
1241
1242
1243
1244
1239
1248
1249
1250
1251
1252
1254
1255
1256
1259
1260
1261
1263
1264
1267
1269
1270
1268
1273
1274
1276
1278
1282
1284
1287
1289
1290
1291
1292
1293
1294
1288
1323
1324
1325
1326
1327
1329
1330
1331
1334
1335
1336
1338
1339
1342
1344
1345
1346
1347
1348
1343
1352
1353
1355
1357
1361
1363
5
167
代码覆盖率为：0.8694074969770254
