10
11
12
13
14
15
17
18
19
22
23
24
26
27
29
34
36
37
38
39
40
41
42
43
45
47
32
49
50
52
54
58
60
62
66
67
68
70
65
72
73
74
75
76
78
79
80
83
84
85
87
88
90
93
94
96
98
102
104
107
108
109
110
111
113
114
115
118
119
120
122
123
126
127
129
131
135
137
140
141
142
143
144
146
147
148
151
152
153
155
156
159
160
162
164
168
170
173
174
175
176
177
179
180
181
184
185
186
188
189
192
193
195
197
201
203
209
208
211
212
214
216
220
222
226
227
229
230
231
232
233
235
236
237
240
241
242
244
245
249
250
251
252
253
254
255
256
257
260
261
263
265
269
271
275
276
277
278
279
280
281
282
283
284
285
286
289
290
291
292
293
295
296
297
300
301
302
304
305
309
310
312
314
317
318
319
320
321
322
323
324
325
326
327
328
329
330
331
332
334
338
340
343
347
348
350
352
356
358
362
364
366
368
372
373
374
383
371
388
390
394
395
396
397
398
400
401
402
405
406
407
409
410
415
414
420
421
423
424
425
426
427
429
430
431
434
435
436
438
439
443
446
447
449
451
455
457
461
462
464
465
466
467
468
470
471
472
475
476
477
479
480
484
485
487
488
490
492
496
498
502
503
504
507
508
509
510
511
513
514
515
518
519
520
522
523
3
代码覆盖率为：0.9310344827586207
