5
7
8
9
10
13
14
15
16
19
23
24
27
28
30
33
35
36
39
42
43
44
48
49
50
51
52
53
54
59
61
62
64
66
70
72
74
75
76
78
80
84
86
88
89
90
91
92
93
95
96
97
100
101
102
104
105
107
108
109
111
113
117
119
121
122
123
124
125
126
128
129
130
133
134
135
137
138
140
141
142
144
146
150
152
154
156
157
158
159
160
155
162
163
164
165
166
168
169
170
173
174
175
177
178
180
181
182
183
184
186
187
188
191
192
193
195
196
200
201
203
205
209
211
215
216
218
219
221
223
227
229
232
233
235
236
237
238
239
241
242
243
246
247
248
250
251
253
254
256
257
259
261
265
267
270
271
273
274
275
276
277
279
280
281
284
285
286
288
289
292
293
295
296
297
298
299
301
302
303
306
307
308
310
311
314
315
316
318
319
321
323
327
329
332
333
335
336
337
338
339
341
342
343
346
347
348
350
351
354
355
356
358
359
361
363
367
369
372
373
374
375
377
378
379
380
381
383
384
385
388
389
390
392
393
396
397
398
400
401
403
405
409
411
414
415
416
418
419
420
421
422
424
425
426
429
430
431
433
434
437
438
439
441
442
445
446
448
450
454
456
459
460
461
462
465
466
467
468
469
471
472
473
476
477
478
480
481
483
484
486
487
489
491
495
497
3
代码覆盖率为：0.9769736842105263
