5
6
7
8
9
10
11
17
18
19
20
22
23
24
27
28
29
32
33
34
37
38
39
40
43
44
45
46
50
51
52
53
55
57
61
63
69
68
71
72
73
74
75
77
78
79
82
83
84
86
87
92
91
97
98
100
102
103
105
107
111
113
119
121
122
123
125
126
127
128
130
131
132
133
134
136
137
138
141
142
143
145
146
149
150
152
153
155
157
161
163
166
167
169
170
171
172
173
175
176
177
180
181
182
184
185
188
189
191
192
194
196
200
202
206
209
210
212
213
214
216
218
222
224
226
227
228
229
230
231
233
234
235
238
239
240
242
243
245
246
247
249
251
255
257
259
260
261
262
263
264
266
267
268
271
272
273
275
276
278
279
280
282
284
288
290
292
293
294
295
296
297
299
300
301
304
305
306
308
309
311
312
313
314
315
316
318
319
320
323
324
325
327
328
331
332
334
336
340
342
345
346
347
348
349
351
352
353
356
357
358
360
361
364
365
367
369
373
375
380
381
382
383
384
386
387
388
391
392
393
395
396
398
399
400
402
404
408
410
412
415
414
417
418
419
420
421
423
424
425
428
429
430
432
433
436
437
439
440
442
444
448
450
453
454
456
457
458
459
460
462
463
464
467
468
469
471
472
475
476
478
479
481
483
487
489
492
493
494
495
497
498
500
502
506
508
510
511
512
513
515
516
517
518
519
521
522
523
526
527
528
530
531
534
535
536
540
542
549
550
551
555
559
561
562
565
568
573
580
583
588
590
591
593
595
599
601
604
606
605
609
610
611
612
613
615
616
617
620
621
622
624
625
628
629
630
632
634
635
637
639
643
645
648
649
650
651
655
657
662
663
664
667
671
673
674
677
680
685
692
695
696
701
703
704
705
706
707
709
710
711
714
715
716
718
719
722
723
724
726
728
729
731
733
737
739
742
743
744
746
748
749
750
751
752
754
755
756
759
760
761
763
764
767
768
769
772
773
775
777
781
783
786
787
789
790
791
792
793
795
796
797
800
801
802
804
805
808
809
810
811
812
815
816
817
818
819
821
822
823
826
827
828
830
831
834
835
836
837
839
840
842
844
848
850
853
854
856
858
859
860
861
862
864
865
866
869
870
871
873
874
877
879
881
882
884
886
890
892
895
897
899
900
901
902
903
905
906
907
910
911
912
914
915
918
920
922
923
925
927
931
933
936
938
940
941
942
943
944
946
947
948
951
952
953
955
956
3
代码覆盖率为：0.952212389380531
