13
14
15
16
17
18
19
21
22
23
26
27
28
30
31
35
36
37
38
39
40
41
43
44
45
48
49
50
52
53
55
56
57
59
61
65
67
71
86
96
97
98
100
112
113
114
116
128
132
133
136
137
139
153
155
156
159
173
174
175
179
186
190
191
192
193
194
196
197
198
201
202
203
205
206
208
212
213
215
217
221
223
225
229
230
231
232
233
235
236
237
240
241
242
244
245
247
251
252
254
256
260
262
264
268
269
270
271
272
274
275
276
279
280
281
283
284
286
290
291
293
295
299
301
303
313
318
322
326
330
309
339
343
347
335
354
355
357
359
363
365
368
369
370
371
372
374
375
376
379
380
381
383
384
387
388
390
392
396
398
407
406
414
413
421
422
423
420
425
426
427
428
429
431
432
433
436
437
438
440
441
448
449
450
451
453
454
455
456
457
458
459
460
461
462
463
464
452
466
467
468
469
470
471
474
475
477
479
483
485
490
491
492
493
494
495
496
497
498
499
502
503
504
505
506
508
509
510
513
514
515
517
518
523
524
525
526
527
530
531
533
535
539
541
546
547
549
550
551
552
553
555
556
557
560
561
562
564
565
570
571
573
574
576
578
582
584
590
591
593
594
595
596
597
599
600
601
604
605
606
608
609
3
代码覆盖率为：0.9691780821917808
