5
6
7
9
11
15
17
20
21
22
23
24
26
27
28
31
32
33
35
36
39
40
42
44
48
50
54
55
56
57
58
60
61
62
65
66
67
69
70
72
73
74
76
78
82
84
86
87
88
89
90
91
93
94
95
98
99
100
102
103
105
106
107
109
111
115
117
119
120
121
122
123
124
126
127
128
131
132
133
135
136
138
140
141
143
145
149
151
153
154
155
156
157
158
160
161
162
165
166
167
169
170
172
175
176
178
180
184
186
188
191
192
194
195
196
197
199
200
202
203
205
207
208
190
210
211
212
213
214
216
217
218
221
222
223
225
226
230
231
232
234
240
241
242
247
249
250
251
252
253
255
256
257
260
261
262
264
265
269
270
271
272
274
281
282
283
284
289
291
292
294
296
300
302
305
307
308
310
312
313
314
315
316
318
319
320
323
324
325
327
328
331
332
333
335
337
338
340
342
346
348
351
352
354
355
356
357
358
360
361
362
365
366
367
369
370
375
376
377
378
379
382
383
385
387
391
393
397
398
399
401
402
403
404
405
407
408
409
412
413
414
416
417
421
422
423
424
426
427
429
431
435
437
441
442
444
445
446
447
448
450
451
452
455
456
457
459
460
3
代码覆盖率为：0.9307958477508651
