6
8
11
14
17
20
23
26
29
32
35
38
41
42
43
44
45
46
50
51
52
53
54
75
77
78
79
80
81
82
83
87
89
90
91
92
93
94
95
99
101
104
107
110
113
116
125
127
128
129
131
135
136
137
139
143
147
148
151
152
154
158
160
161
164
168
169
170
174
176
181
184
188
190
193
196
199
202
205
208
211
218
222
224
226
228
229
235
239
243
246
249
250
253
257
258
259
261
262
264
266
265
270
271
256
275
276
280
281
285
286
290
291
295
296
300
301
305
306
310
311
313
315
317
319
321
325
326
330
331
332
333
334
338
339
341
343
347
349
353
354
356
357
359
364
365
366
367
368
370
371
372
375
376
377
379
380
384
385
387
388
390
395
396
398
400
404
406
410
411
413
414
415
416
417
419
420
421
424
425
426
428
429
433
434
435
436
437
438
442
443
445
446
448
450
454
456
460
461
462
464
465
466
467
468
470
471
472
475
476
477
479
480
484
485
487
488
489
490
491
493
494
495
498
499
500
502
503
507
508
509
510
512
513
515
517
521
523
527
528
529
531
533
535
536
538
540
542
543
544
545
546
548
549
550
553
554
555
557
558
562
563
564
565
566
567
571
574
575
577
582
583
585
587
591
593
597
598
599
600
601
602
603
604
608
609
611
613
615
617
618
619
620
621
623
624
625
628
629
630
632
633
637
638
639
640
641
642
646
648
651
652
657
658
660
662
666
668
671
672
673
674
675
676
677
681
682
687
688
689
690
691
693
694
695
698
699
700
702
703
706
710
712
715
716
718
720
724
726
730
731
732
733
734
735
736
740
741
742
745
746
747
748
749
751
752
753
756
757
758
760
761
765
766
767
768
769
770
771
772
776
777
778
779
780
783
784
786
788
792
794
798
800
799
804
805
806
810
811
812
816
817
818
822
825
826
827
828
829
831
832
833
836
837
838
840
841
844
845
847
849
853
855
859
862
861
864
865
866
867
868
870
871
872
875
876
877
879
880
884
883
888
889
891
892
894
896
900
902
905
906
908
909
911
913
917
919
922
923
925
926
927
928
929
931
932
933
936
937
938
940
941
944
945
948
949
951
953
957
959
962
963
966
967
968
969
970
972
973
974
977
978
979
981
982
986
989
990
991
992
993
995
996
997
1000
1001
1002
1004
1005
1008
1009
1011
1013
1017
1019
1023
1026
1025
1028
1029
1031
1033
1037
1039
1043
1042
1047
1048
1050
1051
1052
1053
1054
1056
1057
1058
1061
1062
1063
1065
1066
1069
1070
1072
1073
1075
1077
1081
1083
1086
1087
1089
1090
1091
1092
1093
1095
1096
1097
1100
1101
1102
1104
1105
1108
1109
1112
1113
1115
1117
1121
1123
1126
1127
1130
1131
1132
1133
1134
1136
1137
1138
1141
1142
1143
1145
1146
1150
1152
1153
1154
1155
1156
1158
1159
1160
1163
1164
1165
1167
1168
1173
1174
1176
1178
1182
1184
1188
1192
1191
1194
1195
1196
1197
1198
1200
1201
1202
1205
1206
1207
1209
1210
1214
1215
1217
1218
1220
1222
1226
1228
1233
1232
1239
1238
1244
1245
1248
1249
1250
1251
1252
1254
1255
1256
1259
1260
1261
1263
1264
1268
1269
1272
1273
1275
1277
1281
1283
1287
1289
1290
1295
1288
1297
1298
1299
1300
1301
1303
1304
1305
1308
1309
1310
1312
1313
1316
1317
1318
1320
1321
1323
1325
1329
1331
3
代码覆盖率为：0.9134487350199734
