6
7
10
11
20
39
41
42
46
47
48
68
69
72
73
77
91
92
93
94
95
96
98
99
100
103
104
105
107
108
110
112
113
114
115
116
118
119
120
123
124
125
127
128
136
135
139
140
142
144
148
150
156
157
159
160
161
162
163
165
166
167
170
171
172
174
175
182
181
189
190
192
193
195
197
201
203
210
211
213
214
215
216
217
219
220
221
224
225
226
228
229
235
236
238
240
241
243
245
249
251
267
269
270
272
274
278
280
282
287
284
289
290
291
292
293
295
296
297
300
301
302
304
305
316
317
319
315
323
325
326
327
328
329
331
332
333
336
337
338
340
341
343
344
345
346
347
348
350
351
352
355
356
357
359
360
362
364
365
367
369
373
375
379
380
381
383
384
386
388
392
394
397
398
399
400
401
403
404
405
412
413
414
416
417
418
419
420
422
423
424
427
428
429
431
432
435
436
438
440
441
443
445
449
451
3
代码覆盖率为：0.9279279279279279
