17
22
23
24
26
32
33
34
36
44
46
47
48
50
52
56
58
60
61
62
63
64
65
67
68
69
72
73
74
76
77
79
80
81
82
83
84
86
87
88
91
92
93
95
96
98
99
100
102
104
108
110
112
113
114
115
116
117
119
120
121
124
125
126
128
129
138
140
141
142
143
144
146
147
148
151
152
153
155
156
158
159
160
162
164
168
170
172
173
174
175
176
177
179
180
181
184
185
186
188
189
191
197
198
200
201
203
205
209
211
219
220
221
223
225
226
227
228
229
231
232
233
236
237
238
240
241
250
251
252
253
255
257
258
260
262
266
268
276
277
279
281
282
283
284
285
287
288
289
292
293
294
296
297
305
306
308
309
311
313
317
319
325
326
327
328
329
331
332
333
336
337
338
340
341
344
345
347
349
353
355
364
365
366
368
370
374
376
378
379
380
381
382
383
385
386
387
390
391
392
394
395
397
398
399
401
403
407
409
411
412
413
414
415
416
418
419
420
423
424
425
427
428
430
433
434
435
432
438
439
440
441
442
444
445
446
449
450
451
453
454
461
463
464
466
468
472
474
3
代码覆盖率为：0.9688715953307393
