6
7
8
10
12
16
18
20
22
23
25
27
31
33
38
37
40
41
43
45
49
51
55
54
59
60
62
63
64
65
66
68
69
70
73
74
75
77
78
83
93
94
95
97
109
110
111
113
125
129
130
133
134
136
150
152
153
156
170
171
172
176
179
180
181
182
183
185
186
187
190
191
192
194
195
197
199
200
201
202
203
205
206
207
210
211
212
214
215
217
219
220
222
224
228
230
232
233
234
235
236
237
239
240
241
244
245
246
248
249
251
254
255
257
259
263
265
267
268
269
270
271
272
274
275
276
279
280
281
283
284
286
287
288
290
292
296
298
300
302
303
304
305
306
308
309
310
313
314
315
317
318
320
321
322
324
326
330
332
334
335
336
337
338
339
341
342
343
346
347
348
350
351
353
356
357
355
362
363
365
366
361
369
370
372
374
378
380
383
384
385
386
388
389
392
393
395
397
401
403
407
408
409
411
412
414
415
416
419
420
421
425
426
428
429
435
436
437
438
439
441
442
443
446
447
448
450
451
458
459
461
462
464
466
470
472
479
480
482
483
484
485
486
488
489
490
493
494
495
497
498
513
514
516
517
519
521
525
527
531
530
541
542
543
544
545
547
548
549
552
553
554
556
557
565
566
568
570
574
576
592
593
595
596
599
600
601
602
603
605
606
607
610
611
612
614
615
623
624
626
627
629
631
635
637
643
644
646
647
648
649
650
652
653
654
657
658
659
661
662
666
667
669
670
672
674
678
680
691
692
693
695
696
697
698
699
701
702
703
706
707
708
710
711
714
715
717
716
720
721
722
723
724
726
727
728
731
732
733
735
736
743
744
746
747
749
751
755
757
767
768
769
771
772
773
774
775
777
778
779
782
783
784
786
787
802
803
804
805
807
808
810
812
816
818
833
834
835
837
838
839
840
841
843
844
845
848
849
850
852
853
870
871
872
874
875
877
879
883
885
917
918
920
921
924
925
926
927
928
930
931
932
935
936
937
939
940
956
957
958
960
963
964
966
968
972
974
983
984
985
987
988
989
990
991
993
994
995
998
999
1000
1002
1003
3
代码覆盖率为：0.9789029535864979
