8
18
19
20
22
34
35
36
38
50
54
55
58
59
61
75
77
78
81
95
96
97
106
107
108
109
110
111
113
114
115
118
119
120
122
123
125
126
127
129
131
135
137
139
142
143
145
147
151
153
158
157
160
161
162
163
164
166
167
168
171
172
173
175
176
180
179
185
186
188
189
191
193
197
199
203
204
206
207
209
210
211
212
213
215
216
217
220
221
222
224
225
229
232
233
238
240
241
242
243
244
246
247
248
251
252
253
255
256
258
259
260
262
264
268
270
272
273
274
275
276
277
279
280
281
284
285
286
288
289
291
293
294
296
298
302
304
306
307
308
309
310
311
313
314
315
318
319
320
322
323
325
326
327
329
331
335
337
339
341
342
343
344
345
347
348
349
352
353
354
356
357
360
361
363
365
369
371
374
375
376
377
378
380
381
382
385
386
387
389
390
393
394
396
398
402
404
407
408
409
410
411
413
414
415
418
419
420
422
423
426
427
429
431
435
437
444
443
446
447
449
451
455
457
460
462
464
468
471
472
474
476
480
482
486
488
489
490
491
493
494
495
496
497
499
500
501
504
505
506
508
509
519
520
522
523
525
527
531
533
536
538
540
541
542
543
544
546
547
548
551
552
553
555
556
559
561
563
564
566
568
572
574
577
578
579
581
583
588
589
590
591
592
594
595
596
599
600
601
603
604
607
608
611
612
614
616
620
622
625
626
627
628
629
632
633
634
635
636
638
639
640
643
644
645
647
648
651
653
654
655
658
659
661
663
667
669
672
673
674
675
676
677
680
681
682
683
684
686
687
688
691
692
693
695
696
699
700
702
703
704
705
706
708
709
710
713
714
715
717
718
721
722
723
726
727
729
731
735
737
740
741
743
744
749
750
754
756
757
758
759
761
762
764
765
766
767
768
770
771
772
775
776
777
779
780
783
785
788
789
791
792
794
796
800
802
805
806
807
808
811
812
814
815
819
820
821
823
824
825
826
827
829
830
831
834
835
836
838
839
842
843
844
845
846
2
代码覆盖率为：0.9449152542372882
