6
7
8
10
12
16
18
20
23
22
25
26
28
30
34
36
40
39
44
45
47
48
49
50
51
53
54
55
58
59
60
62
63
68
69
70
71
72
73
75
76
77
80
81
82
84
85
88
89
91
93
97
99
103
104
105
108
109
111
113
117
119
122
125
126
127
128
129
131
132
133
136
137
138
140
141
146
147
148
149
151
153
157
159
161
162
163
165
167
171
173
175
176
177
178
179
180
182
183
184
187
188
189
191
192
194
195
196
198
200
204
206
208
209
210
211
212
213
215
216
217
220
221
222
224
225
227
228
229
231
233
237
239
241
242
243
244
245
246
248
249
250
253
254
255
257
258
267
271
275
276
279
280
282
288
290
291
294
300
301
302
304
310
311
312
314
321
322
323
331
334
335
336
337
338
340
341
342
345
346
347
349
350
352
353
354
355
356
357
359
360
361
364
365
366
368
369
371
372
373
375
377
381
383
385
386
387
388
389
390
392
393
394
397
398
399
401
402
404
405
406
408
410
414
416
418
419
420
421
422
423
425
426
427
430
431
432
434
435
437
438
439
441
443
447
449
451
453
454
455
456
457
459
460
461
464
465
466
468
469
471
473
474
475
476
477
479
480
481
484
485
486
488
489
492
493
495
497
501
503
506
507
508
509
510
512
513
514
517
518
519
521
522
525
526
528
530
534
536
539
540
541
542
543
545
546
547
550
551
552
554
555
558
559
561
563
567
569
574
575
576
577
578
579
580
581
582
583
584
573
588
589
587
594
593
600
599
610
612
613
615
617
621
623
635
636
637
638
641
642
643
644
645
647
648
649
652
653
654
656
657
672
673
674
675
676
677
678
679
680
681
684
685
687
689
693
695
709
710
711
712
713
716
718
719
720
721
722
723
724
725
726
727
728
730
732
734
735
736
737
738
740
741
742
745
746
747
749
750
762
763
764
765
766
769
771
772
774
775
776
777
778
780
781
782
785
786
787
789
790
802
803
804
807
809
810
811
812
814
816
818
819
821
823
827
829
841
842
843
846
848
849
851
852
853
854
856
858
859
860
861
862
864
865
866
869
870
871
873
874
885
886
888
889
895
896
897
900
901
902
903
904
906
899
910
911
913
916
919
921
924
930
931
933
935
939
941
3
代码覆盖率为：0.9449715370018975
