23
24
25
26
28
29
31
33
37
39
41
42
43
45
46
47
48
49
51
52
53
56
57
58
60
61
63
64
65
67
68
70
72
76
78
80
81
82
84
85
86
87
88
90
91
92
95
96
97
99
100
109
110
111
112
114
116
120
122
124
125
126
128
130
134
136
138
139
140
141
142
143
145
146
147
150
151
152
154
155
157
158
159
161
163
167
169
171
172
173
174
175
176
178
179
180
183
184
185
187
188
190
191
192
194
196
200
202
205
206
208
210
214
216
219
220
221
222
223
225
226
227
230
231
232
234
235
246
247
248
249
250
251
252
254
255
256
259
260
261
263
264
272
273
274
275
276
277
279
280
281
284
285
286
288
289
291
292
293
294
295
296
298
299
300
303
304
305
307
308
310
312
313
315
317
321
323
328
327
330
331
333
335
339
341
345
344
349
350
352
353
354
355
356
358
359
360
363
364
365
367
368
370
371
373
374
376
377
379
381
385
387
396
397
398
400
402
406
408
410
411
412
413
414
415
417
418
419
422
423
424
426
427
429
430
431
433
435
439
441
443
444
445
446
447
448
450
451
452
455
456
457
459
460
462
464
465
467
469
473
475
477
478
479
480
481
482
484
485
486
489
490
491
493
494
496
503
504
505
506
507
502
510
511
512
513
514
516
517
518
521
522
523
525
526
533
534
536
537
538
539
540
542
543
544
547
548
549
551
552
559
560
562
563
565
567
571
573
582
583
584
586
588
589
590
591
592
594
595
596
599
600
601
603
604
616
617
619
621
622
624
626
630
632
645
646
647
648
650
652
653
654
655
656
658
659
660
663
664
665
667
668
676
677
679
680
682
684
688
690
699
700
702
703
705
706
707
708
709
711
712
713
716
717
718
720
721
728
729
731
732
734
736
740
742
749
750
752
753
754
755
756
758
759
760
763
764
765
767
768
3
代码覆盖率为：0.9762470308788599
