5
6
7
8
9
10
11
17
18
19
20
22
23
24
27
28
29
32
33
34
37
38
39
40
43
44
45
46
50
52
53
55
57
61
63
65
66
67
68
69
70
72
73
74
77
78
79
81
82
84
85
86
88
90
94
96
98
100
101
102
103
105
106
107
108
109
111
112
113
116
117
118
120
121
124
125
127
128
130
132
136
138
141
142
144
145
146
147
148
150
151
152
155
156
157
159
160
163
164
166
167
169
171
175
177
181
184
185
186
187
188
190
191
192
195
196
197
199
200
202
203
204
206
208
212
214
216
218
219
220
221
222
224
225
226
229
230
231
233
234
236
237
238
240
242
246
248
250
251
252
254
256
260
262
264
265
266
267
268
269
271
272
273
276
277
278
280
281
283
284
285
287
289
293
295
297
300
299
302
303
304
305
306
308
309
310
313
314
315
317
318
321
322
324
325
327
329
333
335
338
339
341
342
343
344
345
347
348
349
352
353
354
356
357
360
361
363
364
365
366
367
369
370
371
374
375
376
378
379
382
383
384
385
387
388
390
392
396
398
401
402
403
405
406
408
409
411
415
417
418
419
420
421
423
424
425
428
429
430
432
433
436
438
437
441
442
444
446
450
452
455
456
457
459
461
462
463
464
465
467
468
469
472
473
474
476
477
480
481
482
483
485
487
488
490
491
493
498
500
501
503
505
509
511
514
515
516
518
520
521
522
523
524
526
527
528
531
532
533
535
536
539
540
541
543
545
546
548
550
554
556
559
560
561
564
565
566
567
568
570
571
572
575
576
577
579
580
583
584
586
587
589
591
595
597
600
601
602
603
604
607
608
609
610
611
613
614
615
618
619
620
622
623
626
627
628
629
631
632
634
636
640
642
3
代码覆盖率为：0.9696969696969697
