14
15
16
17
25
26
27
29
31
35
37
39
40
41
42
43
44
46
47
48
51
52
53
55
56
58
59
60
62
64
68
70
72
74
75
76
77
78
80
81
82
85
86
87
89
90
92
93
94
96
98
102
104
106
107
108
109
110
111
113
114
115
118
119
120
122
123
125
127
128
129
130
131
133
134
135
138
139
140
142
143
145
146
147
149
151
155
157
159
161
162
163
164
165
167
168
169
172
173
174
176
177
179
180
181
183
185
189
191
193
194
195
196
197
198
200
201
202
205
206
207
209
210
212
213
214
216
218
222
224
226
229
228
234
235
236
237
239
240
241
242
244
246
249
250
251
252
233
254
255
256
257
258
260
261
262
265
266
267
269
270
273
274
276
277
279
281
285
287
290
291
293
294
295
296
297
299
300
301
304
305
306
308
309
312
313
314
316
317
319
320
321
322
323
324
325
326
329
330
333
335
336
338
340
344
346
349
350
351
353
354
358
359
360
361
362
364
365
366
369
370
371
373
374
381
382
384
385
387
389
393
395
2
代码覆盖率为：0.9789915966386554
