18
28
29
30
32
44
45
46
48
60
64
65
68
69
71
85
87
88
91
105
106
107
116
120
125
134
143
159
170
211
214
215
216
217
218
220
221
222
225
226
227
229
230
232
234
235
237
239
243
245
247
249
250
252
254
258
260
262
267
268
270
271
273
275
279
281
287
288
290
291
292
293
294
296
297
298
301
302
303
305
306
317
318
319
321
322
324
326
330
332
338
339
341
342
343
344
345
347
348
349
352
353
354
356
357
367
368
369
371
372
374
376
380
382
397
398
399
400
402
403
404
405
406
408
409
410
413
414
415
417
418
433
434
435
437
438
439
440
441
443
444
445
448
449
450
452
453
470
471
472
474
475
477
479
483
485
502
503
504
506
507
510
511
512
513
514
516
517
518
521
522
523
525
526
538
539
541
542
545
546
548
550
554
556
570
571
573
574
577
578
579
580
581
583
584
585
588
589
590
592
593
609
610
611
613
616
617
619
621
625
627
636
637
638
640
641
642
643
644
646
647
648
651
652
653
655
656
663
664
665
666
667
668
670
671
672
675
676
677
679
680
682
683
684
686
688
692
694
696
697
698
699
700
701
703
704
705
708
709
710
712
713
715
722
723
724
725
727
728
730
732
736
738
744
745
747
748
749
750
751
753
754
755
758
759
760
762
763
770
771
773
774
776
778
782
784
799
800
802
803
804
805
806
808
809
810
813
814
815
817
818
822
824
823
826
827
829
831
835
837
3
代码覆盖率为：0.9786585365853658
