5
6
7
9
11
15
17
19
20
21
22
23
24
26
27
28
31
32
33
35
36
38
40
41
43
45
49
51
56
55
58
59
61
63
67
69
73
72
77
78
80
81
82
83
84
86
87
88
91
92
93
95
96
100
101
102
103
105
106
107
110
111
112
115
116
117
120
121
122
123
126
127
128
129
133
134
135
136
138
140
144
146
148
149
150
151
152
153
155
156
157
160
161
162
164
165
167
168
169
170
171
172
174
175
176
179
180
181
183
184
188
189
190
192
194
198
200
202
203
204
206
208
212
214
216
217
218
219
220
221
223
224
225
228
229
230
232
233
235
236
237
239
241
245
247
249
251
252
253
254
255
257
258
259
262
263
264
266
267
269
270
271
273
275
279
281
283
284
285
286
287
288
290
291
292
295
296
297
299
300
303
304
306
308
312
314
319
320
321
318
323
324
325
326
327
329
330
331
334
335
336
338
339
341
344
345
346
347
349
350
352
354
358
360
363
364
365
366
367
370
371
372
373
374
376
377
378
381
382
383
385
386
389
390
391
392
393
394
396
397
399
400
402
404
408
410
413
414
416
417
418
419
420
422
423
424
427
428
429
431
432
435
436
438
439
441
443
447
449
452
453
456
457
458
459
460
462
463
464
467
468
469
471
472
475
476
478
479
481
483
487
489
492
493
494
495
497
498
499
500
501
503
504
505
508
509
510
512
513
3
代码覆盖率为：0.9779179810725552
