6
8
9
10
11
12
14
15
16
19
20
21
23
24
30
33
34
36
38
42
44
50
52
53
55
57
61
63
65
66
67
68
69
70
72
73
74
77
78
79
81
82
84
86
87
89
91
95
97
103
104
105
108
109
110
111
112
114
115
116
119
120
121
123
124
127
129
130
132
133
135
137
141
143
146
147
148
149
152
153
155
157
161
163
166
167
168
171
172
173
174
175
177
178
179
182
183
184
186
187
190
191
192
195
196
198
200
204
206
211
212
214
215
216
217
218
220
221
222
225
226
227
229
230
233
234
236
237
239
241
245
247
250
251
253
254
255
256
257
259
260
261
264
265
266
268
269
272
273
275
276
278
280
284
286
298
302
303
304
301
312
313
315
316
318
320
319
323
325
326
327
328
329
331
332
333
336
337
338
340
341
349
350
352
353
354
360
366
367
369
371
375
377
390
394
395
396
397
398
399
400
402
403
404
405
406
407
412
414
415
417
419
423
425
427
429
430
431
432
433
435
436
437
440
441
442
444
445
451
452
455
456
457
458
459
461
462
463
466
467
468
470
471
476
477
479
480
481
482
483
485
486
487
490
491
492
494
495
502
504
505
506
507
508
510
511
512
515
516
517
519
520
522
528
531
533
526
539
541
543
544
546
548
552
554
557
558
560
561
562
563
564
566
567
568
571
572
573
575
576
579
580
582
583
585
587
591
593
603
605
606
608
610
614
616
620
621
622
623
627
628
632
633
634
638
639
645
646
647
648
649
651
652
653
656
657
658
660
661
666
668
671
673
674
676
678
682
684
687
689
692
694
695
696
697
698
700
701
702
705
706
707
709
710
713
715
718
720
721
723
725
729
731
3
代码覆盖率为：0.949238578680203
