6
8
9
11
13
17
19
25
28
29
31
33
37
39
45
47
48
49
50
51
53
54
55
58
59
60
62
63
65
66
67
69
71
75
77
79
81
82
83
84
85
87
88
89
92
93
94
96
97
103
104
105
108
109
110
111
112
114
115
116
119
120
121
123
124
127
129
130
132
133
135
137
141
143
146
147
148
149
152
153
154
155
156
158
159
160
163
164
165
167
168
171
172
173
176
177
179
181
185
187
190
191
192
195
196
198
200
204
206
211
212
214
215
216
217
218
220
221
222
225
226
227
229
230
233
234
236
237
239
241
245
247
250
251
253
254
255
256
257
259
260
261
264
265
266
268
269
272
273
275
276
278
280
284
286
293
295
296
298
300
304
306
309
310
311
312
313
315
316
317
320
321
322
324
325
331
335
336
337
338
339
341
342
343
346
347
348
350
351
354
358
359
361
363
367
369
381
385
386
387
384
395
396
398
399
401
403
402
406
408
409
410
411
412
414
415
416
419
420
421
423
424
432
433
435
436
437
443
449
450
452
454
458
460
473
477
478
479
480
481
482
483
485
486
487
488
489
490
495
497
498
499
500
501
503
504
505
508
509
510
512
513
515
521
524
526
519
532
534
536
537
538
539
540
542
543
544
547
548
549
551
552
555
556
558
559
560
561
562
564
565
566
569
570
571
573
574
577
578
580
581
583
585
589
591
602
604
605
607
609
613
615
619
620
621
622
625
626
627
631
633
636
639
643
644
650
651
652
653
654
656
657
658
661
662
663
665
666
671
673
676
678
679
681
683
687
689
692
694
697
699
700
701
702
703
705
706
707
710
711
712
714
715
718
720
723
725
726
728
730
734
736
739
741
744
746
747
748
749
750
752
753
754
757
758
759
761
762
3
代码覆盖率为：0.9464720194647201
