4
6
7
8
9
10
12
13
14
17
18
19
21
22
25
26
28
30
34
36
39
40
41
42
43
45
46
47
50
51
52
54
55
58
59
61
63
67
69
72
73
74
75
76
78
79
80
83
84
85
87
88
91
92
94
96
100
102
106
107
108
109
110
112
113
114
117
118
119
121
122
125
126
128
130
134
136
151
152
150
155
156
157
158
159
161
162
163
166
167
168
170
171
173
174
175
177
179
183
185
187
188
189
190
191
192
194
195
196
199
200
201
203
204
206
208
209
211
213
217
219
221
223
224
225
226
227
229
230
231
234
235
236
238
239
241
242
243
244
246
248
252
254
256
257
258
260
262
266
268
270
271
272
273
274
275
277
278
279
282
283
284
286
287
289
291
292
294
296
300
302
304
305
306
307
308
309
311
312
313
316
317
318
320
321
323
328
327
333
332
338
337
342
343
349
350
352
353
354
358
359
361
363
367
369
372
373
377
378
379
380
381
383
384
385
388
389
390
392
393
396
397
398
402
403
405
407
411
413
416
417
421
422
423
424
425
427
428
429
432
433
434
436
437
440
441
443
444
448
449
451
453
457
459
462
463
465
466
470
471
472
473
474
476
477
478
481
482
483
485
486
490
493
497
498
500
504
505
506
509
513
514
515
516
517
519
520
521
524
525
526
528
529
532
533
535
536
538
540
544
546
549
550
551
552
553
555
556
557
558
559
561
562
563
566
567
568
570
571
574
575
577
578
580
582
586
588
2
代码覆盖率为：0.9187675070028011
