9
10
11
12
13
14
15
17
18
19
22
23
24
26
27
29
30
31
33
35
39
41
43
44
45
47
49
53
55
59
60
61
62
63
64
66
67
68
71
72
73
75
76
78
79
80
82
84
88
90
92
93
94
95
96
97
99
100
101
104
105
106
108
109
116
117
118
120
122
126
128
130
131
132
133
134
135
137
138
139
142
143
144
146
147
149
150
151
153
155
159
161
163
165
166
167
168
169
171
172
173
176
177
178
180
181
183
184
185
187
189
193
195
197
199
200
201
202
203
205
206
207
210
211
212
214
215
217
219
220
221
222
223
225
226
227
230
231
232
234
235
237
247
248
249
246
251
252
254
256
260
262
266
267
269
270
271
272
273
275
276
277
280
281
282
284
285
290
291
292
294
296
298
299
301
303
307
309
313
314
315
317
318
321
323
325
326
327
328
329
331
332
333
336
337
338
340
341
344
345
347
348
350
352
356
358
361
362
364
365
366
367
368
370
371
372
375
376
377
379
380
384
385
387
388
390
392
393
394
395
396
398
399
400
403
404
405
407
408
413
414
415
417
419
423
425
427
432
433
434
435
436
438
439
440
443
444
445
447
448
450
453
454
456
458
462
464
466
469
470
471
472
473
475
476
477
480
481
482
484
485
487
489
490
492
494
498
500
502
504
505
506
507
508
510
511
512
515
516
517
519
520
522
523
524
526
527
529
531
535
537
539
540
541
542
543
544
546
547
548
551
552
553
555
556
558
561
562
564
566
570
572
574
578
577
582
583
585
587
591
593
599
600
601
602
604
605
607
609
613
615
619
620
622
623
624
625
626
628
629
630
633
634
635
637
638
642
643
645
646
648
650
654
656
662
663
665
666
667
668
669
671
672
673
676
677
678
680
681
686
687
688
689
690
691
692
694
697
698
700
702
706
708
712
714
715
717
719
722
724
727
728
730
735
739
740
741
742
743
745
746
747
750
751
752
754
755
759
760
762
763
765
767
771
773
778
779
780
781
784
785
786
787
788
790
791
792
795
796
797
799
800
804
805
806
808
809
811
813
817
819
822
823
824
826
827
828
829
830
832
833
834
837
838
839
841
842
3
代码覆盖率为：0.9775051124744376
