20
21
22
23
25
26
27
29
30
31
33
34
35
44
45
46
47
48
49
50
52
53
54
57
58
59
61
62
64
65
66
68
70
74
76
78
79
80
82
84
88
90
92
93
94
95
96
97
99
100
101
104
105
106
108
109
111
112
113
115
117
121
123
125
126
127
128
129
130
132
133
134
137
138
139
141
142
145
146
148
150
154
156
159
160
161
162
163
165
166
167
170
171
172
174
175
186
187
188
189
191
193
197
199
207
208
209
210
211
212
214
215
216
219
220
221
223
224
226
227
228
230
232
236
238
240
242
243
245
247
251
253
258
257
260
261
262
263
264
266
267
268
271
272
273
275
276
280
279
284
285
287
288
290
292
296
298
300
301
303
304
306
307
308
309
310
312
313
314
317
318
319
321
322
331
334
335
336
337
338
340
341
342
345
346
347
349
350
352
353
354
356
358
362
364
366
367
368
369
370
371
373
374
375
378
379
380
382
383
385
386
387
389
391
395
397
399
401
402
403
404
405
407
408
409
412
413
414
416
417
419
420
421
423
425
429
431
433
440
441
442
443
444
439
447
448
450
452
456
458
465
466
468
469
470
471
472
474
475
476
479
480
481
483
484
491
492
494
495
496
497
498
500
501
502
505
506
507
509
510
519
520
521
523
525
526
528
530
534
536
540
541
543
545
546
547
548
549
551
552
553
556
557
558
560
561
564
565
566
567
569
572
574
575
577
579
583
585
597
598
600
602
603
604
605
606
608
609
610
613
614
615
617
618
631
632
633
634
636
638
639
641
643
647
649
657
658
660
661
662
663
664
666
667
668
671
672
673
675
676
685
686
688
689
691
692
694
696
700
702
709
710
712
713
714
715
716
718
719
720
723
724
725
727
728
3
代码覆盖率为：0.9554455445544554
