5
6
7
9
11
15
17
19
21
22
24
26
30
32
42
41
44
45
46
47
48
50
51
52
55
56
57
59
60
67
66
75
76
78
80
81
83
85
89
91
96
98
99
100
101
102
104
105
106
109
110
111
113
114
116
117
118
120
122
126
128
130
131
132
133
134
135
137
138
139
142
143
144
146
147
149
151
152
154
156
160
162
164
167
168
169
170
171
173
174
175
178
179
180
182
183
185
186
187
189
191
195
197
199
202
203
204
205
206
208
209
210
213
214
215
217
218
223
224
226
228
232
234
239
240
241
242
243
245
246
247
250
251
252
254
255
265
266
267
269
270
271
272
264
274
275
276
277
278
280
281
282
285
286
287
289
290
296
298
300
302
304
306
308
311
313
314
316
318
322
324
335
336
337
339
340
341
342
343
345
346
347
350
351
352
354
355
367
368
369
370
371
373
374
376
378
382
384
395
396
397
399
401
402
403
404
405
407
408
409
412
413
414
416
417
431
432
433
434
436
438
439
441
443
447
449
460
461
462
463
464
465
467
469
470
471
472
473
475
476
477
480
481
482
484
485
493
495
496
497
498
499
501
502
503
506
507
508
510
511
513
514
515
517
519
523
525
527
529
530
532
534
538
540
542
545
546
548
550
554
556
562
563
564
561
566
567
568
569
570
572
573
574
577
578
579
581
582
586
587
588
589
590
591
592
593
596
597
599
601
605
607
613
614
615
619
620
621
622
623
625
626
627
630
631
632
634
635
641
642
645
646
648
650
654
656
662
663
664
666
667
668
669
670
672
673
674
677
678
679
681
682
686
687
688
690
691
693
695
699
701
706
707
708
709
710
712
713
714
715
716
718
719
720
723
724
725
727
728
3
代码覆盖率为：0.9571788413098237
