4
7
8
10
12
16
18
20
22
23
24
25
26
28
29
30
33
34
35
37
38
40
42
43
45
47
51
53
55
57
58
60
62
66
68
70
74
75
72
78
79
80
81
82
84
85
86
89
90
91
93
94
96
98
99
101
103
107
109
111
113
114
115
116
117
119
120
121
124
125
126
128
129
133
134
136
138
142
144
151
153
155
157
159
148
162
163
164
165
166
168
169
170
173
174
175
177
178
183
181
188
190
192
193
195
197
201
203
206
208
210
212
213
214
215
216
218
219
220
223
224
225
227
228
231
233
235
236
238
240
244
246
249
251
253
255
256
257
258
259
261
262
263
266
267
268
270
271
274
276
278
279
281
283
287
289
292
294
296
297
298
299
300
302
303
304
307
308
309
311
312
315
317
319
320
321
322
323
325
326
327
330
331
332
334
335
338
340
341
343
344
346
348
352
354
357
360
362
363
364
365
366
368
369
370
373
374
375
377
378
381
383
385
387
389
390
392
394
398
400
403
405
407
408
409
410
411
413
414
415
418
419
420
422
423
426
428
430
431
433
435
439
441
444
447
448
449
451
453
454
455
456
457
459
460
461
464
465
466
468
469
472
475
476
477
479
480
481
483
485
490
491
493
495
499
501
504
507
508
509
510
511
513
514
515
517
521
522
523
524
525
527
528
529
532
533
534
536
537
540
544
545
547
549
553
555
2
代码覆盖率为：0.9839743589743589
