5
7
8
9
10
11
13
14
15
18
19
20
22
23
25
26
27
29
31
35
37
39
40
41
42
43
44
46
47
48
51
52
53
55
56
58
60
61
63
65
69
71
74
75
76
77
78
80
81
82
85
86
87
89
90
93
94
96
98
102
104
107
108
109
110
111
113
114
115
118
119
120
122
123
129
130
131
127
135
136
137
138
139
141
142
143
146
147
148
150
151
154
156
158
159
161
163
167
169
172
174
176
177
178
179
180
182
183
184
187
188
189
191
192
197
195
203
201
209
207
213
215
217
218
220
222
226
228
231
233
235
236
238
240
244
246
249
251
253
254
255
256
257
259
260
261
264
265
266
268
269
272
274
276
277
279
281
285
287
290
292
294
295
296
297
298
300
301
302
305
306
307
309
310
313
315
317
318
320
322
326
328
331
333
335
336
337
338
339
341
342
343
346
347
348
350
351
354
356
358
360
361
363
365
369
371
374
376
378
380
381
382
383
384
386
387
388
391
392
393
395
396
399
402
404
405
407
409
413
415
418
421
423
424
425
426
427
429
430
431
434
435
436
438
439
443
445
446
448
450
454
456
458
460
461
463
465
469
471
474
475
476
477
478
480
481
482
485
486
487
489
490
493
494
496
498
502
504
508
510
512
513
514
515
516
518
519
520
523
524
525
527
528
531
533
535
536
538
540
544
546
549
551
553
557
558
559
560
561
563
564
565
568
569
570
572
573
576
578
579
580
582
584
588
589
591
593
597
599
602
604
606
610
611
612
613
614
616
617
618
621
622
623
625
626
3
代码覆盖率为：0.947945205479452
