5
7
8
10
12
16
18
20
21
22
23
24
25
27
28
29
32
33
34
36
37
39
40
41
43
45
49
51
53
55
56
58
60
64
66
69
70
71
72
73
75
76
77
80
81
82
84
85
88
89
91
93
97
99
102
103
104
105
106
108
109
110
113
114
115
117
118
124
125
126
122
130
131
132
133
134
136
137
138
141
142
143
145
146
149
151
153
154
156
158
162
164
167
169
171
172
173
174
175
177
178
179
182
183
184
186
187
192
190
198
196
204
202
208
210
212
213
215
217
221
223
226
228
230
231
233
235
239
241
244
246
248
249
250
251
252
254
255
256
259
260
261
263
264
267
269
271
272
274
276
280
282
285
287
289
290
291
292
293
295
296
297
300
301
302
304
305
308
310
312
313
315
317
321
323
326
328
330
331
332
333
334
336
337
338
341
342
343
345
346
349
351
353
355
356
358
360
364
366
369
371
373
375
376
377
378
379
381
382
383
386
387
388
390
391
394
397
399
400
402
404
408
410
413
416
418
419
420
421
422
424
425
426
429
430
431
433
434
438
440
441
442
443
444
446
447
448
451
452
453
455
456
458
459
460
462
464
468
470
472
474
475
477
479
483
485
488
489
490
491
492
494
495
496
499
500
501
503
504
507
508
510
512
516
518
522
524
526
527
528
529
530
532
533
534
537
538
539
541
542
545
547
549
550
552
554
558
560
563
565
567
568
572
573
574
575
576
578
579
580
583
584
585
587
588
591
593
594
596
597
599
600
604
605
607
609
613
615
618
620
622
623
627
628
629
630
631
633
634
635
638
639
640
642
643
3
代码覆盖率为：0.9493333333333334
