9
14
15
16
18
19
20
26
30
36
37
38
44
45
46
47
52
53
54
55
56
57
59
60
61
64
65
66
68
69
71
74
73
76
77
79
81
85
87
91
90
96
100
101
103
105
109
111
113
114
115
117
119
123
125
127
128
129
130
131
132
134
135
136
139
140
141
143
144
146
148
149
151
153
157
159
161
162
163
164
165
166
168
169
170
173
174
175
177
178
180
183
184
186
188
192
194
196
197
198
199
200
201
203
204
205
208
209
210
212
213
215
218
219
221
223
227
229
234
235
236
237
238
240
241
242
245
246
247
249
250
255
256
258
260
264
266
273
274
284
285
286
287
288
290
292
293
294
295
297
298
283
301
302
303
304
305
307
308
309
312
313
314
316
317
323
324
326
327
329
331
335
337
345
346
348
349
350
351
352
354
355
356
359
360
361
363
364
373
374
376
377
378
379
380
382
383
384
387
388
389
391
392
400
401
402
404
405
407
409
413
415
427
428
429
431
432
433
434
435
437
438
439
442
443
444
446
447
458
459
460
461
463
464
466
468
472
474
483
484
486
487
490
491
492
493
494
496
497
498
501
502
503
505
506
515
516
517
519
522
523
525
527
531
533
542
543
545
546
549
551
552
553
554
555
557
558
559
562
563
564
566
567
575
576
579
578
581
583
584
586
588
592
594
602
604
605
606
607
608
609
611
612
613
616
617
618
620
621
3
代码覆盖率为：0.9627329192546584
