6
17
21
22
23
25
26
31
32
34
36
37
38
39
47
48
49
50
51
52
54
56
57
58
66
67
68
72
73
76
77
78
79
83
84
85
87
88
89
91
92
100
101
102
104
105
108
109
110
111
115
116
118
120
121
122
123
125
132
133
134
135
138
139
143
144
146
147
152
153
155
157
158
159
160
164
165
166
167
171
172
174
175
180
181
182
183
185
186
187
188
190
191
192
193
195
196
198
205
206
207
208
209
210
211
213
214
215
217
218
220
221
222
223
224
225
227
229
232
233
234
235
236
231
238
240
242
239
245
246
249
250
252
255
256
257
258
260
262
264
265
268
269
271
272
274
277
278
279
280
281
282
283
286
288
290
291
292
295
297
298
299
300
303
304
306
308
309
310
313
314
317
318
321
322
324
326
327
328
329
330
332
334
335
336
339
340
342
343
344
345
349
350
352
353
5
代码覆盖率为：0.9289099526066351
