8
9
10
11
13
14
15
17
18
19
21
22
23
27
28
29
31
32
33
36
37
40
41
43
44
45
46
47
49
50
51
52
53
54
56
58
59
60
61
62
63
65
67
68
69
73
74
76
78
79
80
82
83
84
85
88
89
90
91
95
96
98
99
102
103
105
106
111
112
114
116
117
118
119
126
127
128
129
130
132
133
138
139
140
141
142
144
145
146
147
148
149
151
153
155
156
157
158
162
163
165
166
171
170
173
174
175
176
177
178
179
183
182
187
188
190
191
193
194
196
197
199
200
202
203
204
205
206
208
213
216
217
218
219
220
222
224
225
226
230
231
233
235
236
237
239
240
241
242
244
245
246
247
249
250
252
255
256
257
258
259
260
261
262
264
271
272
273
274
275
270
279
280
282
283
288
289
291
293
294
295
296
304
305
307
308
309
310
311
313
315
316
317
324
325
327
328
332
333
336
337
338
339
343
344
345
347
348
349
351
352
362
363
364
366
368
369
371
372
375
376
377
378
382
383
385
387
388
389
390
392
405
406
408
410
411
412
415
416
429
430
431
432
434
436
438
440
437
443
444
447
448
450
458
459
461
463
464
467
468
470
471
473
482
483
485
486
488
490
491
492
495
497
498
499
500
507
508
510
512
513
514
517
518
521
522
529
530
532
533
534
535
536
538
540
541
542
5
代码覆盖率为：0.9254658385093167
