11
15
19
20
23
24
26
32
34
35
38
44
45
46
48
54
55
56
58
65
66
67
73
74
80
81
89
91
96
97
98
99
100
101
103
104
105
106
107
108
110
112
113
114
115
116
117
119
121
122
123
127
128
130
132
133
134
136
137
138
139
141
142
143
144
146
147
149
150
151
152
156
157
159
160
163
164
166
167
172
173
175
177
178
179
180
187
188
189
190
191
192
193
194
195
199
200
201
203
204
205
208
209
212
213
215
216
217
218
219
221
222
223
224
225
226
228
230
231
232
233
237
238
240
241
248
251
252
253
254
255
257
259
261
262
263
270
271
272
273
274
275
277
278
279
280
284
286
287
288
289
290
292
295
298
304
305
306
307
309
310
312
313
314
315
319
321
322
326
327
329
332
333
335
336
338
339
340
341
349
350
351
352
353
354
356
358
361
362
360
365
366
367
369
370
374
373
380
381
382
386
387
389
391
392
394
395
396
399
401
402
403
404
406
407
408
410
411
412
413
415
417
418
420
421
422
424
425
427
429
430
431
432
433
434
435
437
442
440
444
445
446
447
448
449
450
454
455
456
458
459
461
462
466
467
469
470
471
472
473
475
478
479
481
482
484
485
490
491
493
495
496
497
498
502
503
505
506
507
508
509
511
513
514
515
519
520
522
523
527
528
531
532
533
534
538
539
540
542
543
544
546
547
551
552
554
555
557
558
561
562
563
564
568
569
571
573
574
575
576
578
582
583
585
586
587
590
591
595
596
598
600
597
603
604
607
608
610
614
615
617
619
620
623
624
626
627
629
635
636
637
641
642
644
646
647
648
651
653
654
655
656
659
660
662
664
665
666
669
670
673
674
680
681
683
684
685
686
687
689
691
692
693
5
代码覆盖率为：0.9365853658536586
