7
9
11
12
15
16
18
21
23
24
26
29
30
31
33
36
37
38
40
43
44
45
49
50
52
54
56
58
60
69
72
73
74
75
77
78
79
80
81
82
84
86
87
88
90
91
92
93
94
96
98
99
100
104
105
107
109
112
113
115
116
117
118
119
120
121
124
125
127
128
130
131
134
135
136
138
139
140
141
142
144
147
148
149
150
152
153
155
156
161
162
164
166
167
168
169
173
174
175
177
178
179
180
181
183
185
186
187
190
191
193
194
198
199
202
203
204
205
209
210
211
213
214
215
217
218
222
223
225
226
228
229
232
233
234
235
239
240
242
244
245
246
247
249
253
254
255
256
259
260
261
264
265
268
269
271
272
276
278
280
277
283
284
287
288
290
293
294
295
297
300
302
303
306
307
309
310
312
315
316
318
319
322
324
325
326
329
331
332
333
334
338
339
340
341
342
344
345
346
347
349
351
352
353
354
356
358
359
360
363
364
367
368
374
375
377
378
379
380
381
383
385
386
387
393
394
396
397
398
399
403
404
406
407
413
414
416
417
419
420
425
426
428
430
431
432
433
438
439
440
441
443
444
446
447
453
452
455
456
457
458
462
463
465
466
5
代码覆盖率为：0.9333333333333333
