7
8
11
13
14
15
17
18
20
21
22
23
24
25
26
27
29
30
31
33
34
36
38
39
40
41
42
44
46
49
50
52
53
58
59
61
63
64
65
66
69
70
71
72
73
74
76
78
79
80
82
85
86
87
88
92
93
95
96
101
102
104
105
110
111
113
115
116
117
118
124
125
126
127
131
132
134
135
145
146
147
149
150
151
152
144
154
155
159
160
163
164
165
166
170
171
172
174
175
176
178
179
186
188
190
192
194
196
198
201
203
204
206
207
210
211
212
213
217
218
220
222
223
224
225
227
239
240
241
243
244
245
248
249
261
262
263
264
265
267
269
271
268
274
275
278
279
281
292
293
294
296
298
300
301
304
305
307
308
310
322
324
325
326
327
328
331
333
334
335
338
340
341
342
343
353
354
355
356
358
360
362
363
364
367
368
371
372
383
384
385
386
387
388
390
392
393
394
395
396
398
400
401
402
5
代码覆盖率为：0.9151785714285714
