14
19
20
21
27
28
29
35
36
37
43
44
45
50
51
52
53
55
56
57
58
60
61
62
63
65
66
68
69
70
71
72
73
74
75
77
78
79
80
81
83
84
85
86
87
88
90
92
93
94
95
96
97
99
102
104
105
106
109
111
112
113
114
117
119
120
121
124
125
128
129
135
136
137
141
142
145
146
147
148
152
153
154
156
157
158
160
161
164
165
166
167
168
169
171
173
174
175
184
183
186
187
191
192
194
201
200
209
210
212
214
215
217
218
219
220
225
229
230
232
233
236
237
238
239
243
244
246
248
249
250
251
253
256
257
261
258
264
265
268
269
270
272
274
276
278
280
277
283
284
287
288
290
292
293
295
296
299
300
302
303
305
307
308
309
310
311
312
314
316
317
318
319
320
321
323
325
327
328
332
333
335
337
338
339
341
342
343
346
348
349
350
351
353
357
358
363
364
362
367
368
369
371
372
375
376
378
379
380
381
382
383
384
387
389
391
393
394
395
398
399
402
403
406
407
409
410
411
412
415
416
420
421
425
427
429
430
431
432
433
435
438
439
441
442
444
446
447
448
449
450
452
455
456
458
459
463
464
466
469
470
471
473
474
476
477
478
479
487
489
490
491
492
495
496
497
499
500
503
504
506
507
508
509
510
511
512
515
516
517
519
520
522
523
526
527
528
529
530
532
533
534
535
536
538
546
551
552
554
556
557
559
560
565
566
568
570
571
572
573
577
578
580
581
582
583
584
586
588
589
590
593
594
596
598
599
603
604
607
608
609
610
614
615
616
618
619
620
622
623
627
628
629
631
632
634
635
638
639
640
641
645
646
648
650
651
652
653
655
659
660
661
662
663
666
667
668
671
672
676
677
678
679
681
683
685
682
688
689
692
693
695
698
699
700
701
703
705
706
709
710
712
713
715
718
719
720
721
725
726
728
729
732
733
735
736
741
742
744
746
747
748
749
753
754
755
756
760
761
763
764
9
代码覆盖率为：0.9250535331905781
