8
9
10
11
13
14
15
17
18
19
20
22
23
24
25
27
28
29
30
32
33
34
36
37
39
40
48
49
50
51
52
54
57
56
59
60
61
63
64
68
67
72
73
75
76
77
78
79
80
81
85
86
90
92
93
94
95
96
98
100
101
102
103
104
105
107
109
110
111
115
116
118
120
121
122
124
125
126
127
129
131
132
133
135
136
138
139
140
141
142
143
144
145
147
149
150
151
152
156
157
159
160
164
165
167
168
173
174
176
178
179
180
181
186
187
188
189
193
194
196
197
202
203
204
205
207
208
210
211
214
215
216
217
220
221
222
223
224
226
229
230
231
233
234
236
237
242
243
245
247
248
249
250
255
256
257
258
260
261
262
263
264
266
268
269
270
274
275
277
279
280
284
285
288
289
290
291
295
296
297
299
300
301
303
304
309
310
311
312
313
316
317
319
320
323
324
325
326
330
331
333
335
336
337
338
340
351
352
354
355
356
359
360
363
364
367
368
369
370
373
374
375
376
377
378
380
382
384
385
386
387
388
390
392
393
394
398
399
401
403
406
407
408
409
405
412
413
415
416
417
418
420
427
428
430
431
432
436
437
435
424
440
441
442
445
446
449
450
451
452
453
456
458
460
457
463
464
467
468
470
473
474
482
484
485
488
489
491
492
494
498
499
500
502
504
506
507
508
511
513
514
515
516
519
520
521
522
524
526
528
529
530
533
534
537
538
541
542
544
545
546
547
548
550
552
553
554
5
代码覆盖率为：0.9187675070028011
