21
23
24
25
28
29
30
33
34
35
38
39
40
45
48
49
50
59
61
62
63
65
66
67
68
70
71
72
73
75
76
78
79
80
81
82
83
84
85
87
88
89
90
91
93
94
95
96
97
98
100
102
103
104
105
106
107
109
111
112
113
114
115
117
119
120
121
124
125
126
127
131
132
134
135
147
149
150
151
155
156
158
167
169
170
172
173
175
176
181
182
184
186
187
188
189
195
194
197
198
200
201
202
203
207
206
211
212
214
215
216
218
219
222
223
225
226
228
229
230
231
232
233
234
244
249
250
251
252
253
254
255
258
262
263
264
265
266
267
271
272
275
276
277
278
282
283
284
286
287
288
290
291
294
295
296
298
299
302
303
304
305
309
310
312
314
315
316
317
319
322
323
327
324
330
331
334
335
336
338
340
341
343
345
342
348
349
352
353
355
357
358
360
361
364
365
367
368
370
372
373
374
375
376
377
379
381
382
383
384
385
386
388
390
391
392
393
397
398
400
402
403
405
406
407
410
412
413
414
415
417
419
420
421
422
426
427
429
430
440
441
442
443
444
445
446
447
448
449
450
451
452
438
459
461
462
463
466
467
470
471
474
476
478
480
482
483
484
485
486
487
489
491
492
493
494
496
498
499
500
501
505
509
510
514
515
517
518
522
524
525
526
527
528
530
535
536
539
540
542
543
544
547
549
550
552
554
555
557
559
561
564
565
566
567
568
570
574
575
577
578
582
583
585
589
590
592
593
595
596
597
598
601
602
604
605
606
608
609
614
617
619
620
621
622
623
624
625
629
630
631
633
634
636
637
641
642
643
644
646
647
648
649
650
652
659
660
662
663
665
666
671
672
674
676
677
678
679
687
688
690
691
692
693
694
696
698
699
700
709
711
712
714
716
719
722
725
726
730
731
734
735
736
737
741
742
743
745
746
747
749
750
763
764
766
768
769
771
772
775
776
777
778
782
783
785
787
788
789
790
792
806
807
808
809
810
811
813
815
817
818
819
822
823
831
832
834
836
838
835
841
842
845
846
848
857
858
860
861
863
865
866
869
870
872
873
875
882
883
885
887
888
889
892
894
895
896
897
904
905
907
909
910
911
914
915
918
919
5
代码覆盖率为：0.933206106870229
