11
16
17
18
20
21
22
28
29
30
36
37
38
44
45
46
47
57
58
59
60
61
62
64
66
72
71
74
75
79
80
82
89
88
96
97
98
100
101
103
104
105
106
110
112
113
114
115
117
118
121
122
123
125
126
127
128
129
130
131
134
135
136
138
140
141
142
145
146
149
150
157
160
162
164
165
166
167
171
173
175
177
178
179
180
181
183
190
191
192
195
196
197
198
199
201
203
204
205
208
209
213
214
216
218
219
220
223
224
226
227
228
229
231
232
233
236
237
238
240
241
243
244
245
248
249
250
251
252
253
254
256
257
258
261
262
264
265
267
268
269
272
273
274
275
276
278
280
281
282
285
286
288
289
294
295
297
299
300
301
302
305
306
307
310
311
312
313
314
316
318
319
320
322
323
324
327
328
332
333
336
337
338
339
343
344
345
347
348
349
351
352
355
356
357
360
361
363
364
367
368
369
370
374
375
377
379
380
381
382
384
387
388
389
392
393
394
397
398
400
401
402
405
407
409
406
412
413
416
417
419
421
422
423
426
428
429
432
433
435
436
438
440
441
442
445
447
448
449
452
454
455
456
457
459
460
461
464
466
467
468
471
472
475
476
478
479
480
483
484
485
486
487
489
491
492
493
495
496
497
500
501
502
503
507
508
510
511
513
514
515
518
519
521
522
527
528
530
532
533
534
535
538
539
540
543
544
545
546
550
551
553
554
5
代码覆盖率为：0.9573170731707317
