7
8
9
10
11
15
16
18
19
22
23
25
26
31
32
34
36
37
38
39
43
44
45
46
50
51
53
54
58
59
60
61
62
64
66
67
68
72
73
75
77
78
79
81
82
83
84
86
87
88
89
91
92
94
95
96
97
98
99
100
101
103
104
105
107
108
110
111
112
113
114
115
117
119
122
123
125
126
131
132
134
136
137
138
139
142
145
146
148
149
150
151
153
154
156
157
159
161
162
144
164
165
166
167
168
170
172
173
174
178
179
180
182
188
189
190
195
197
198
202
203
206
207
208
209
213
214
215
217
218
219
221
222
227
228
229
230
232
239
240
241
242
247
249
250
252
253
256
257
258
259
263
264
266
268
269
270
271
273
277
279
280
282
284
285
286
289
290
293
294
295
297
299
301
303
300
306
307
310
311
313
318
319
320
321
322
325
327
328
331
332
334
335
337
341
342
343
345
347
348
349
352
354
355
356
357
361
362
363
364
366
368
369
370
373
374
377
378
382
383
385
386
387
388
389
391
393
394
395
5
代码覆盖率为：0.8812260536398467
