30
32
33
34
35
36
37
38
40
42
44
45
46
49
50
53
54
59
58
61
62
63
64
65
66
67
71
70
75
76
79
81
82
83
86
87
90
91
100
102
103
104
105
107
109
110
111
112
113
115
117
118
119
124
123
128
129
130
133
134
135
136
145
147
149
150
158
160
162
163
164
165
166
167
170
171
172
173
174
176
179
180
181
182
183
184
187
188
189
190
191
193
213
215
216
218
219
220
221
222
224
226
227
228
229
230
231
233
235
236
237
241
242
244
246
247
248
250
251
252
253
255
262
263
264
265
269
270
272
273
276
277
279
280
285
286
288
290
291
292
293
297
298
299
300
304
305
307
308
313
314
315
316
317
323
324
325
326
327
312
329
330
334
335
337
340
341
342
344
345
346
347
350
351
352
353
354
356
357
360
361
363
364
365
366
367
368
369
372
373
374
376
377
380
381
383
384
387
388
390
391
394
395
396
397
398
400
403
404
406
407
408
409
410
412
420
421
423
424
429
430
432
434
435
436
437
441
442
443
444
445
447
455
456
457
458
459
461
463
464
465
473
475
476
480
481
484
485
486
487
491
492
493
495
496
497
499
500
505
504
509
510
514
515
516
520
521
522
536
538
539
540
542
543
545
548
549
550
551
547
558
559
561
562
565
566
567
568
572
573
575
577
578
579
580
582
586
587
589
590
591
594
595
598
599
600
601
602
603
605
607
609
606
612
613
616
617
619
622
623
624
625
626
628
630
631
634
635
637
638
640
647
648
652
654
655
656
659
661
662
663
664
5
代码覆盖率为：0.8575
