3
4
5
6
7
9
10
12
13
14
15
16
17
18
19
21
22
23
25
26
28
29
30
31
32
33
35
39
40
42
43
44
45
46
49
51
52
55
57
58
61
63
64
65
70
73
74
75
76
80
81
83
84
88
89
93
94
96
98
100
101
103
104
105
106
108
110
111
112
114
115
117
119
120
121
122
123
124
125
127
130
131
132
133
134
135
136
137
138
139
140
129
144
145
146
147
143
151
152
153
154
156
157
159
160
165
166
168
170
171
172
173
178
180
181
182
185
186
189
190
192
194
195
196
197
199
201
202
203
204
205
207
209
211
212
213
214
215
217
219
221
222
226
227
229
231
233
234
236
237
238
239
241
244
243
248
249
250
251
253
254
255
256
257
259
261
262
263
266
267
268
269
270
271
273
274
278
279
282
283
284
285
289
290
291
293
294
295
297
298
302
303
304
306
308
309
311
312
315
316
317
318
322
323
325
327
328
329
330
332
336
338
339
340
341
343
346
347
348
351
352
355
356
357
358
359
360
361
362
363
367
368
369
370
371
374
376
378
380
377
383
384
387
388
390
393
394
395
396
397
398
402
403
404
408
410
412
413
416
417
419
420
422
426
428
430
432
431
434
436
438
439
440
443
445
446
447
448
453
454
455
456
461
462
463
482
483
485
490
491
498
499
500
520
522
523
525
526
528
529
531
533
534
535
536
537
538
539
540
542
544
545
548
549
551
553
554
555
556
558
559
562
564
565
566
570
571
573
575
576
577
581
582
586
587
589
590
592
595
597
599
600
601
604
605
608
609
612
613
614
615
618
620
622
624
625
626
627
628
630
632
633
634
638
639
641
642
643
644
648
649
651
652
655
656
658
659
661
662
667
668
670
672
673
674
675
1
代码覆盖率为：0.9
