13
14
16
18
20
22
24
39
43
47
48
51
52
54
60
62
63
66
72
73
74
76
82
83
84
86
93
94
95
117
120
121
123
124
125
126
128
130
131
132
134
135
137
139
140
141
142
143
144
145
147
152
153
155
156
157
158
159
161
169
170
172
173
177
178
180
189
190
192
193
195
196
197
198
206
207
208
210
211
212
214
215
227
228
229
231
232
233
234
235
236
237
248
249
250
251
253
254
256
257
270
271
272
274
275
276
277
278
280
293
294
295
297
298
300
301
306
307
309
311
312
313
314
324
325
327
328
331
332
333
334
335
337
339
340
341
351
352
354
355
358
359
363
364
367
368
369
370
374
375
376
378
379
380
382
383
393
394
396
397
400
401
403
404
407
408
409
410
414
415
417
419
420
421
422
424
434
435
436
438
441
442
443
446
447
458
459
460
462
464
466
463
469
470
473
474
476
489
494
495
497
499
500
503
504
506
507
509
517
518
520
522
523
524
527
529
530
531
532
547
548
550
551
552
555
556
559
560
562
563
564
565
566
568
569
570
571
572
573
575
577
579
580
581
582
584
586
587
588
591
592
595
596
602
603
605
606
607
608
609
611
613
614
615
621
622
624
625
626
627
631
632
634
635
641
642
644
645
647
648
653
654
656
658
659
660
661
673
675
674
677
678
679
680
684
685
687
688
7
33
101
482
538
668
代码覆盖率为：0.9411764705882353
