22
32
33
34
36
48
49
64
65
66
68
80
84
85
88
89
91
105
106
123
125
126
129
143
144
161
162
163
173
182
183
184
185
186
187
188
189
190
191
192
193
194
195
196
197
198
199
181
203
204
205
202
209
210
208
217
218
219
220
223
226
228
229
233
234
237
238
239
240
244
245
246
248
249
250
252
253
256
257
258
260
261
264
265
266
267
271
272
274
276
277
278
279
281
284
285
289
286
292
293
296
297
298
300
302
303
305
307
304
310
311
314
315
317
319
320
322
323
326
327
329
330
332
334
335
336
337
338
339
341
343
344
345
346
347
348
350
352
353
354
358
359
361
363
364
366
367
368
371
373
374
375
376
378
379
380
382
383
384
385
387
389
390
391
393
394
396
397
398
399
400
401
402
403
405
406
407
408
409
411
412
413
414
415
416
418
420
421
422
423
424
425
427
429
442
443
444
445
446
448
449
453
454
456
466
465
468
469
471
472
473
474
483
482
488
487
496
497
498
500
501
502
504
505
508
509
510
511
512
514
517
518
519
520
521
522
523
526
527
529
531
532
533
536
537
540
541
544
545
546
547
548
549
550
551
553
554
556
557
558
559
562
563
564
565
566
567
569
571
572
573
574
575
577
580
581
582
583
585
589
590
591
592
593
595
598
599
600
601
603
605
606
607
608
609
611
614
615
616
617
618
619
620
621
622
623
625
629
630
631
632
633
635
638
639
640
642
643
644
646
647
648
651
652
656
657
659
662
663
665
666
664
668
670
671
673
674
675
676
679
680
682
683
681
685
687
688
689
691
692
695
696
698
699
697
701
703
704
705
706
707
708
709
712
713
714
715
716
717
718
719
721
722
723
724
725
726
727
728
729
730
731
732
733
734
735
736
737
738
739
746
750
751
752
764
765
766
767
768
770
771
773
774
777
778
779
780
781
782
784
785
786
787
788
789
790
791
792
793
794
797
798
799
800
801
803
806
807
808
809
810
811
812
813
814
815
816
817
818
819
820
821
822
823
825
828
829
831
832
837
838
840
842
843
844
845
849
850
851
852
853
854
857
858
859
860
861
863
865
866
867
870
871
872
873
874
875
878
879
883
884
887
888
889
890
894
895
896
898
899
900
902
903
907
908
916
917
919
920
923
924
925
926
930
931
933
935
936
937
938
940
944
945
946
947
961
962
963
966
967
970
971
972
974
976
978
975
981
982
985
986
988
991
992
993
994
995
996
997
998
999
1000
1001
1011
1013
1014
1017
1018
1020
1021
1023
1026
1027
1028
1029
1030
1031
1032
1033
1034
1035
1036
1046
1048
1049
1050
1053
1055
1056
1057
1058
1061
1062
1063
1064
1065
1066
1067
1068
1069
1070
1071
1081
1083
1084
1085
1088
1089
1092
1093
1096
1098
1099
1097
1103
1104
1105
1106
1107
1108
1102
1138
1139
1140
1141
1142
1137
1146
1147
1148
1149
1150
1152
1154
1155
1156
1159
1161
1162
1160
1165
1166
1167
1168
1172
1173
1175
1176
1179
1181
1182
1183
1184
1185
1186
1180
1215
1216
1218
1219
1224
1225
1227
1229
1230
1231
1232
1236
1238
1239
1240
1241
1242
1237
1246
1247
1248
1249
1253
1254
1256
1257
7
169
代码覆盖率为：0.8394437420986094
