12
13
14
15
16
17
19
21
26
28
29
30
31
32
33
34
35
37
39
24
41
42
43
44
45
47
49
53
54
55
57
52
59
60
64
65
67
69
72
74
75
78
79
81
82
84
87
89
90
91
94
96
97
98
99
102
104
105
106
109
110
113
114
117
118
119
120
121
123
125
126
127
130
131
132
133
137
138
140
141
144
145
147
148
153
154
156
158
159
160
161
165
166
167
168
172
173
175
176
182
181
184
185
187
188
189
190
194
195
197
198
199
201
202
206
207
208
209
210
211
212
213
214
217
218
219
220
221
222
223
227
228
229
230
231
232
233
234
235
236
237
238
241
242
244
245
249
250
252
254
257
258
259
260
261
262
263
264
265
266
267
268
269
270
271
272
274
278
280
283
287
288
289
290
291
293
297
299
301
303
307
308
309
318
306
323
325
329
330
332
333
338
339
341
343
344
345
346
352
351
357
358
360
361
362
363
364
366
368
369
370
374
377
378
382
383
386
387
388
389
393
394
395
397
398
399
401
402
407
408
410
411
413
414
417
418
419
420
424
425
427
429
430
431
432
434
439
440
442
443
444
447
448
452
453
454
457
459
461
458
464
465
468
469
471
5
代码覆盖率为：0.8896321070234113
