7
9
10
11
12
15
16
17
18
21
25
26
29
30
32
35
37
38
41
44
45
46
50
51
52
53
54
55
56
61
63
65
66
67
70
71
74
75
77
78
79
80
81
83
84
85
86
87
88
90
92
93
94
95
96
97
99
101
102
103
107
108
110
112
113
114
116
117
118
119
121
123
124
125
126
127
122
129
130
131
133
134
136
137
139
140
145
146
148
150
151
152
153
158
159
160
161
165
166
168
169
173
174
176
177
178
179
180
181
182
185
186
188
189
191
192
194
195
197
198
199
200
201
203
206
207
209
210
212
213
218
219
221
223
224
225
226
230
231
233
234
235
236
237
239
241
242
243
246
247
248
250
251
255
256
259
260
261
262
266
267
268
270
271
272
274
275
279
280
282
283
285
286
289
290
291
292
296
297
299
301
302
303
304
306
310
311
312
314
315
316
319
320
323
324
325
326
328
330
332
329
335
336
339
340
342
345
346
347
349
351
352
355
356
358
359
361
364
365
366
368
370
371
372
375
377
378
379
380
383
384
385
387
388
391
393
394
395
398
399
402
403
406
407
408
409
412
413
414
415
416
418
420
421
422
424
425
427
428
429
430
434
435
437
438
5
代码覆盖率为：0.9333333333333333
