7
8
9
10
11
12
13
19
20
21
22
24
25
26
29
30
31
34
35
36
39
40
41
42
45
46
47
48
52
53
54
56
57
58
61
62
65
66
72
71
74
75
76
78
79
84
83
89
90
92
94
95
96
97
98
99
100
106
108
109
110
112
113
114
115
117
118
119
120
123
124
126
127
128
129
130
132
135
136
138
139
140
141
142
144
147
148
150
151
155
156
158
162
165
166
167
171
172
175
176
177
178
182
183
184
186
187
188
190
191
194
196
197
199
200
203
204
205
206
210
211
213
215
216
217
218
220
223
224
228
225
231
232
235
236
237
239
241
242
244
246
243
249
250
253
254
256
258
259
261
262
265
266
268
269
271
273
274
275
276
277
278
280
282
283
284
285
286
287
289
291
292
293
297
298
300
302
303
304
305
306
307
309
311
312
313
316
317
318
319
323
324
326
327
330
331
333
334
339
340
342
344
345
346
347
351
352
353
354
358
359
361
362
367
369
370
371
374
376
377
378
379
381
382
383
385
386
387
388
390
393
392
395
396
398
399
400
401
404
405
407
408
409
411
412
415
416
418
419
420
421
422
423
424
427
428
430
432
433
434
437
438
441
442
445
446
447
448
450
451
452
453
455
456
457
458
460
461
462
463
464
466
469
470
471
475
477
484
485
486
490
494
496
497
500
503
508
515
518
523
525
526
527
528
529
531
534
536
535
539
540
544
545
547
550
551
552
554
556
557
559
560
561
562
565
566
567
568
572
574
579
580
581
584
588
590
591
594
597
602
609
612
613
618
620
621
622
624
625
628
629
630
632
634
635
636
637
638
639
640
643
644
645
647
649
650
652
653
656
657
658
661
662
663
664
665
667
670
671
673
674
676
677
682
683
685
687
688
689
690
694
695
696
697
698
701
702
703
704
705
707
709
710
711
714
715
716
717
719
720
724
725
728
729
730
731
735
736
737
739
740
741
743
744
748
749
751
753
754
756
757
760
761
762
763
767
768
770
772
773
774
775
777
781
783
785
786
787
790
791
794
796
798
800
802
799
805
806
809
810
812
815
817
819
821
822
825
826
828
829
831
834
836
838
840
841
842
845
847
848
849
850
5
代码覆盖率为：0.9130434782608695
