7
8
9
10
11
12
13
19
20
21
22
24
25
26
29
30
31
34
35
36
39
40
41
42
45
46
47
48
52
54
55
56
57
58
60
62
63
64
65
66
67
69
71
72
73
77
78
80
82
84
85
86
87
89
90
94
95
97
100
101
103
104
106
107
108
109
112
113
115
116
117
119
120
123
124
126
127
128
129
130
131
132
136
139
140
142
143
144
145
147
148
149
150
152
153
155
157
158
159
160
161
162
163
165
166
168
169
170
173
174
177
178
180
181
182
183
184
186
187
188
189
190
191
193
195
196
197
198
199
200
202
204
207
206
209
210
212
213
216
217
219
220
221
222
223
225
228
229
231
232
234
235
240
241
243
245
246
247
248
252
253
255
256
257
258
259
261
263
264
265
268
269
270
271
273
274
278
279
282
283
284
285
289
290
291
293
294
295
297
298
302
303
304
306
307
309
310
312
316
318
319
321
322
325
326
327
328
332
333
335
337
338
339
340
342
346
348
347
351
352
353
356
357
360
361
362
364
366
368
370
367
373
374
377
378
380
383
384
385
386
388
390
391
393
394
396
401
403
405
406
409
410
412
413
415
418
419
420
422
424
426
427
428
431
433
434
435
436
439
440
441
443
445
447
448
449
452
453
456
457
460
461
462
465
466
467
468
469
471
473
474
475
478
479
481
482
483
484
488
489
491
492
495
496
497
498
499
502
503
505
506
511
512
514
516
517
518
519
523
524
525
526
528
529
530
531
535
536
538
539
5
代码覆盖率为：0.9297752808988764
