15
16
17
18
20
21
26
27
29
31
32
33
34
39
40
41
42
43
44
45
47
49
50
51
53
54
55
59
60
63
64
65
66
70
71
72
74
75
76
78
79
84
99
109
110
111
113
125
126
127
129
141
145
146
149
150
152
166
168
169
172
186
187
188
192
199
203
204
208
209
211
213
217
218
220
221
222
223
225
229
230
231
233
234
236
240
241
242
243
244
245
246
248
252
253
255
256
258
262
263
264
265
266
268
270
280
285
289
293
297
276
306
310
314
302
321
322
323
324
328
329
331
332
335
336
338
339
344
345
347
349
350
351
352
356
357
358
359
363
364
366
367
376
375
383
382
390
391
392
389
394
395
397
398
401
402
403
404
408
409
411
413
414
415
416
418
426
427
428
429
431
432
433
434
435
436
437
438
439
440
441
442
430
444
445
446
447
448
449
452
453
454
457
458
463
464
465
466
467
468
469
470
471
472
475
477
479
476
482
483
486
487
489
494
495
496
497
498
501
503
504
507
508
510
511
513
518
519
521
523
524
525
528
530
531
532
533
538
539
541
543
544
545
548
549
552
553
559
560
562
563
564
565
566
568
570
571
572
5
代码覆盖率为：0.9283154121863799
