7
8
9
10
11
15
16
18
19
22
23
25
26
31
32
34
36
37
38
39
43
44
45
46
50
51
53
54
58
59
60
61
62
64
66
67
68
69
70
71
73
75
76
77
81
82
84
86
87
88
90
91
92
93
95
96
97
98
100
101
103
105
106
107
108
109
110
111
113
114
115
117
118
120
123
124
125
126
127
129
131
134
135
137
138
139
140
142
143
145
146
148
150
151
133
153
154
156
157
162
163
165
167
168
169
170
175
176
177
179
185
186
187
192
194
195
196
197
198
200
202
203
204
208
209
210
211
213
220
221
222
223
228
230
231
235
236
239
240
241
242
246
247
248
250
251
252
254
255
259
261
262
264
266
267
269
270
273
274
275
276
280
281
283
285
286
287
288
290
294
295
296
298
300
301
302
305
306
309
310
312
314
316
313
319
320
323
324
326
331
332
333
334
335
338
340
341
344
345
347
348
350
354
355
356
358
360
361
362
365
367
368
369
370
374
375
376
377
379
381
382
383
386
387
390
391
395
396
398
399
400
401
402
404
406
407
408
5
代码覆盖率为：0.8847583643122676
