8
10
13
16
19
22
25
28
31
34
37
40
43
44
45
46
47
48
52
53
54
55
56
77
79
80
81
82
83
84
85
89
91
92
93
94
95
96
97
101
103
106
109
112
115
118
127
129
130
131
133
137
138
139
141
145
149
150
153
154
156
160
162
163
166
170
171
172
176
178
183
186
190
192
195
198
201
204
207
210
213
220
224
226
228
230
231
237
241
245
248
251
252
255
259
260
261
263
264
266
268
267
272
273
258
277
278
282
283
287
288
292
293
297
298
302
303
307
308
312
313
315
317
319
321
323
325
326
330
331
334
335
336
337
341
342
343
345
346
347
349
350
355
356
358
359
361
362
365
366
367
368
372
373
375
377
378
379
380
382
387
388
389
390
391
395
399
396
402
403
406
407
408
410
414
415
417
418
420
425
427
429
426
432
433
436
437
439
443
444
446
447
449
454
456
457
460
461
463
464
466
470
471
473
474
475
476
477
479
483
484
485
486
487
488
492
493
495
496
497
498
499
501
505
506
507
509
510
514
515
517
521
522
524
526
527
528
531
533
534
535
536
540
541
542
543
545
546
548
549
550
551
555
556
557
559
561
563
564
566
568
570
571
572
574
575
579
580
581
582
583
584
588
591
592
594
599
600
601
602
603
604
605
609
610
611
612
613
614
615
616
620
621
623
625
627
629
630
631
632
636
637
638
639
640
641
645
647
650
651
656
657
658
659
660
662
665
666
667
668
669
670
671
675
676
681
682
683
684
685
687
690
694
696
699
700
704
705
707
711
712
713
714
715
716
717
721
722
723
726
727
729
730
731
732
736
737
738
739
740
741
742
743
747
748
749
750
751
754
755
756
758
759
763
765
764
769
770
771
775
776
777
781
782
783
787
790
792
793
794
797
799
800
801
802
805
807
808
809
812
813
816
817
821
824
823
826
827
828
829
830
831
832
836
835
840
841
843
845
846
847
850
851
854
855
858
859
861
862
863
864
867
868
870
871
872
873
874
876
879
880
883
884
885
886
887
889
892
893
896
897
901
902
904
908
911
912
913
914
915
917
919
920
921
924
925
926
927
931
932
934
935
939
942
941
944
945
947
948
949
950
954
953
958
959
961
962
963
965
966
969
970
972
973
974
975
976
977
978
981
982
984
985
987
988
991
992
995
996
997
998
999
1001
1004
1005
1008
1009
1011
1012
1017
1018
1020
1022
1023
1024
1025
1030
1032
1033
1035
1036
1041
1042
1044
1046
1047
1048
1049
1055
1056
1057
1058
1062
1063
1065
1066
1070
1074
1073
1076
1077
1078
1079
1080
1082
1084
1085
1086
1090
1091
1093
1094
1098
1099
1102
1103
1104
1105
1109
1110
1111
1113
1114
1115
1117
1118
1124
1123
1130
1129
1135
1136
1139
1140
1142
1143
1146
1147
1148
1149
1153
1154
1156
1158
1159
1160
1161
1163
1168
1169
1172
1173
1174
1177
1178
1182
1184
1185
1190
1183
1192
1194
1196
1193
1199
1200
1203
1204
1206
1209
1210
1211
1213
1215
1216
1219
1220
1222
1223
1225
5
代码覆盖率为：0.8825174825174825
