9
10
13
14
23
42
44
45
49
50
51
71
72
75
76
80
94
95
96
98
99
101
103
104
106
107
112
113
115
117
118
119
120
129
128
132
133
137
138
141
142
143
144
148
149
150
152
153
154
156
157
164
165
167
168
170
171
174
175
176
177
181
182
184
186
187
188
189
191
199
198
206
207
209
210
211
214
215
222
223
225
227
229
226
232
233
236
237
239
245
246
248
250
252
253
256
257
259
260
262
278
280
281
282
283
284
286
288
293
290
295
297
298
299
302
304
305
306
307
318
319
321
317
325
327
328
330
331
336
337
339
341
342
343
344
347
348
349
350
351
352
354
356
357
358
360
362
363
364
365
369
370
372
373
377
378
379
381
383
384
385
388
389
392
393
396
397
398
399
400
402
403
404
411
412
413
415
416
417
418
419
421
423
424
425
428
429
431
433
434
435
436
440
441
443
444
6
代码覆盖率为：0.8834080717488789
