19
24
25
26
28
34
35
36
38
46
48
49
50
51
52
53
55
57
58
59
61
62
67
68
70
72
73
74
75
78
79
80
81
82
83
85
87
88
89
91
92
93
97
98
101
102
103
104
108
109
110
112
113
114
116
117
120
121
122
124
125
128
129
130
131
135
136
138
140
141
142
143
145
155
157
158
159
160
161
163
165
166
167
168
169
170
172
174
175
176
180
181
183
185
191
192
194
195
196
199
200
208
209
210
212
214
216
218
215
221
222
225
226
228
237
238
239
240
242
244
246
247
250
251
253
254
256
264
265
267
269
271
272
273
276
278
279
280
281
289
290
292
294
295
296
299
300
303
304
310
311
313
314
319
320
322
324
325
326
327
331
332
333
334
338
339
341
342
351
352
353
355
356
357
358
360
361
362
363
365
366
368
369
370
371
372
373
374
375
377
378
379
381
382
384
387
388
389
386
392
393
394
395
396
398
400
401
402
409
411
412
413
414
418
419
421
422
5
代码覆盖率为：0.919831223628692
