8
9
10
11
12
13
15
17
19
20
21
22
26
27
29
30
35
34
37
38
39
41
42
46
45
50
51
53
54
55
56
57
58
59
64
74
75
76
78
90
91
92
94
106
110
111
114
115
117
131
133
134
137
151
152
153
157
160
161
165
166
168
170
172
174
175
176
179
181
182
183
184
186
188
189
191
192
193
194
196
197
198
199
201
202
204
207
208
209
210
211
212
213
215
216
217
218
219
221
222
223
224
225
226
228
230
232
233
234
235
236
238
240
241
242
246
247
249
251
252
253
255
256
257
258
260
263
264
262
269
270
272
273
268
276
278
279
280
283
284
287
288
291
292
293
294
296
297
300
301
302
303
307
308
309
311
312
314
315
316
319
320
321
325
326
328
329
335
336
337
338
339
341
348
349
351
352
353
354
355
357
364
365
367
368
372
373
375
390
391
393
394
396
397
398
399
403
402
413
414
416
417
422
423
425
427
428
429
430
439
440
441
442
446
447
449
450
466
467
469
470
473
474
475
477
478
486
487
489
490
491
492
493
494
495
501
502
504
505
507
508
512
513
515
516
517
518
519
521
532
533
534
536
537
539
540
545
546
548
550
551
552
553
557
558
560
559
563
564
565
566
567
569
571
572
573
580
581
583
584
588
589
592
593
594
595
599
600
601
603
604
605
607
608
619
620
621
623
624
626
627
630
631
632
633
637
638
640
642
643
644
645
647
663
664
665
666
668
669
670
673
674
689
690
691
693
695
697
694
700
701
704
705
707
724
725
726
728
730
731
734
735
737
738
740
772
773
775
776
779
781
782
783
786
788
789
790
791
807
808
809
811
814
816
817
818
821
822
825
826
835
836
837
839
840
841
842
843
845
847
848
849
5
代码覆盖率为：0.941031941031941
