37
47
48
49
51
63
64
65
67
79
83
84
87
88
90
104
106
107
110
124
125
126
135
136
138
139
140
143
145
146
147
148
150
151
152
154
155
156
157
159
162
164
165
168
169
171
172
174
179
178
181
182
184
185
186
187
191
190
196
197
199
200
201
203
204
208
209
211
212
214
215
216
217
218
219
220
224
227
228
233
235
236
237
239
240
242
243
244
245
246
247
248
249
251
252
253
254
255
257
259
260
261
262
263
265
267
268
269
270
271
272
274
276
277
278
282
283
285
287
289
291
292
293
296
298
299
300
301
304
306
307
308
311
312
315
316
319
320
321
322
323
325
327
328
329
332
333
334
335
339
340
342
343
346
347
349
350
355
356
358
360
361
362
363
367
368
369
370
374
375
377
378
385
384
387
389
390
391
394
395
398
399
402
404
406
410
413
414
415
416
420
422
423
424
425
427
428
429
430
431
433
443
444
446
447
448
449
450
452
455
457
459
460
464
465
467
470
472
474
475
477
478
479
480
483
484
485
487
489
494
495
496
498
499
502
503
506
507
508
509
510
511
512
515
516
517
518
519
522
523
525
526
529
531
532
533
536
537
538
539
540
542
545
546
547
548
549
550
553
554
556
557
562
563
565
567
568
569
570
574
575
577
578
579
580
581
583
585
586
587
590
591
592
595
596
600
601
604
605
606
607
611
612
613
615
616
617
619
620
624
625
627
628
633
634
638
640
641
642
643
645
646
648
649
651
652
655
656
657
658
662
663
665
667
668
669
670
672
676
678
681
682
684
685
686
689
690
693
694
695
696
699
700
702
703
707
708
709
711
713
715
712
718
719
722
723
725
728
729
730
731
732
5
代码覆盖率为：0.9053398058252428
