8
9
10
11
12
13
15
17
20
19
22
23
27
28
30
34
33
38
39
41
42
44
45
46
47
52
53
55
57
54
60
61
64
65
67
70
72
73
76
77
79
80
82
86
87
88
91
92
93
95
96
99
102
103
104
105
106
107
108
113
114
115
117
118
119
122
123
126
127
129
130
131
132
133
135
136
137
138
139
140
142
144
145
146
147
148
149
151
153
154
155
159
160
162
164
165
166
168
169
170
171
173
174
175
176
178
179
188
192
196
197
200
201
203
209
211
212
215
221
222
223
225
231
232
233
235
242
243
244
252
255
256
260
261
263
265
266
268
269
270
273
275
276
277
278
280
281
282
284
285
286
287
289
290
291
292
294
295
297
298
299
300
301
302
303
304
306
307
308
309
310
312
313
314
315
316
317
319
321
323
324
325
326
327
329
331
333
335
336
337
340
342
343
344
345
348
350
351
352
355
356
359
360
363
364
365
366
367
369
371
372
373
376
377
378
379
383
384
386
387
390
391
393
394
399
400
402
404
405
406
407
411
412
413
414
418
419
421
422
427
428
429
430
431
432
433
434
435
436
437
426
441
442
440
447
446
453
452
463
465
466
467
468
469
470
471
483
484
485
486
489
490
492
493
508
509
510
511
512
513
514
515
516
517
520
521
522
523
524
526
540
541
542
543
544
547
549
550
551
552
553
554
555
556
557
558
559
561
563
565
566
568
569
574
575
577
579
580
581
582
595
596
597
598
599
602
604
605
607
608
609
610
611
613
615
616
617
629
630
631
634
636
637
638
639
641
643
645
646
650
651
654
655
656
657
661
662
663
665
666
667
669
670
683
684
685
688
690
691
693
694
695
696
698
700
701
703
704
707
708
709
710
714
715
717
719
720
721
722
724
736
737
739
740
746
747
748
751
752
753
754
755
757
750
761
762
764
767
770
772
775
781
782
783
786
787
5
代码覆盖率为：0.9065217391304348
