25
26
27
28
30
31
35
36
38
40
41
42
44
45
47
48
49
50
52
53
54
56
57
58
60
61
63
64
65
67
68
69
70
71
72
73
82
83
84
86
87
88
91
92
95
96
98
99
100
101
102
104
105
106
107
108
109
111
113
114
115
116
117
118
120
122
123
124
128
129
131
133
134
135
137
138
139
140
143
144
145
146
150
151
153
154
157
158
160
161
166
167
169
171
172
173
174
186
187
188
189
190
192
193
201
202
204
205
206
209
211
212
213
214
216
217
218
220
221
222
223
225
227
228
229
230
234
235
237
238
243
242
245
246
247
248
249
250
251
255
254
259
260
262
263
265
266
268
269
271
272
274
275
276
277
278
280
289
290
291
292
294
295
297
298
299
300
301
302
303
304
306
307
308
309
310
312
313
314
315
316
317
319
321
323
324
325
326
327
328
330
332
339
340
341
342
343
338
346
347
349
350
355
356
358
360
361
362
363
371
372
374
375
376
377
378
380
382
383
384
391
392
394
395
399
400
403
404
405
406
410
411
412
414
415
416
418
419
429
430
431
433
435
436
438
439
442
443
444
445
449
450
452
454
455
456
457
459
472
473
475
477
478
479
482
483
496
497
498
499
501
503
505
507
504
510
511
514
515
517
525
526
528
530
531
534
535
537
538
540
549
550
552
553
555
557
558
559
562
564
565
566
567
574
575
577
579
580
581
584
585
588
589
596
597
599
600
601
602
603
605
607
608
609
5
代码覆盖率为：0.9339080459770115
