7
8
9
13
14
17
18
19
20
24
25
26
28
29
30
32
33
36
38
39
41
42
45
46
47
48
52
53
55
57
58
59
60
62
65
66
67
68
71
72
74
75
77
79
76
82
83
86
87
89
91
92
94
95
97
98
103
104
106
108
109
110
111
117
116
120
122
123
124
127
129
130
131
132
135
136
137
138
140
142
144
145
146
149
150
153
154
157
158
159
160
164
165
167
168
172
174
175
178
179
181
182
184
186
188
190
192
194
196
197
198
199
200
202
204
205
206
209
211
213
214
216
217
218
220
222
223
224
225
229
230
232
233
5
代码覆盖率为：0.8933333333333333
