17
18
19
20
28
29
30
32
33
34
35
37
38
39
40
42
43
45
46
47
48
49
50
51
52
54
56
57
59
60
62
63
64
65
66
67
69
71
72
73
75
76
81
82
84
86
87
88
89
92
94
95
96
97
98
100
102
103
104
106
107
108
112
113
116
117
118
119
123
124
125
127
128
129
131
132
135
137
138
140
141
144
145
146
147
151
152
154
156
157
158
159
161
164
165
166
167
170
171
173
174
176
178
175
181
182
185
186
188
190
191
193
194
197
198
200
201
203
205
208
207
213
214
215
216
218
219
220
221
223
225
228
229
230
231
212
233
235
236
237
240
242
243
244
245
248
249
251
253
254
255
258
259
262
263
266
267
269
270
271
272
273
275
277
278
279
282
283
284
286
287
289
290
291
292
293
294
295
296
299
300
303
305
306
307
308
312
313
315
316
319
320
321
323
324
328
329
331
332
337
338
340
342
343
344
345
353
354
356
357
358
359
363
364
366
367
5
代码覆盖率为：0.9353448275862069
