20
30
31
32
34
46
47
48
50
62
66
67
70
71
73
87
89
90
93
107
108
109
118
122
127
136
145
161
172
213
216
217
218
219
220
221
222
224
226
228
229
230
233
234
237
238
240
242
243
244
245
247
252
253
255
256
258
259
260
261
267
268
270
271
272
274
275
286
287
288
290
291
292
293
294
295
296
302
303
305
306
308
309
319
320
321
323
324
325
326
327
329
344
345
346
347
349
350
352
353
358
359
361
363
364
365
366
382
383
384
386
387
388
389
390
392
394
395
396
413
414
415
417
418
422
423
426
427
428
429
433
434
435
437
438
439
441
442
460
461
462
464
465
468
469
471
472
475
476
477
478
482
483
485
487
488
489
490
492
505
506
508
509
512
513
514
517
518
532
533
535
536
539
541
543
540
546
547
550
551
553
569
570
571
573
576
578
579
582
583
585
586
588
597
598
599
601
603
604
605
608
610
611
612
613
620
621
622
623
624
625
627
629
630
631
632
633
634
636
638
639
640
644
645
647
649
656
657
658
659
661
663
664
665
668
669
672
673
679
680
682
683
684
685
686
688
690
691
692
699
700
702
703
704
705
709
710
712
713
728
729
731
732
734
735
740
741
743
745
746
747
748
753
755
754
757
758
759
760
764
765
767
768
5
代码覆盖率为：0.9372937293729373
