11
12
15
17
18
19
21
22
24
25
26
27
28
29
30
31
33
34
35
37
38
40
42
43
44
45
46
48
50
53
54
56
57
62
63
65
67
68
69
70
73
74
75
76
77
78
80
82
83
84
86
89
90
91
92
96
97
99
100
105
106
108
109
114
115
117
119
120
121
122
128
129
130
131
135
136
138
139
149
150
151
153
154
155
156
148
158
159
163
164
167
168
169
170
174
175
176
178
179
180
182
183
190
192
194
196
198
200
202
205
207
208
210
211
214
215
216
217
221
222
224
226
227
228
229
231
243
244
245
247
248
249
252
253
265
266
267
268
269
271
273
275
272
278
279
282
283
285
296
297
298
300
302
304
305
308
309
311
312
314
326
328
329
330
331
332
335
337
338
339
342
344
345
346
347
357
358
359
360
362
364
366
367
368
371
372
375
376
387
388
389
390
391
392
394
396
397
398
399
400
402
404
405
406
9
代码覆盖率为：0.9151785714285714
