7
8
9
10
12
13
15
16
17
18
19
20
21
22
24
26
27
28
29
33
34
36
37
42
41
44
45
46
47
48
49
50
54
53
58
59
61
62
64
65
69
70
71
72
74
75
76
79
80
81
84
85
86
89
90
91
92
95
96
97
98
102
103
104
105
106
107
108
110
112
113
114
116
117
122
123
125
127
128
129
130
133
134
135
136
137
138
140
142
143
144
148
149
151
152
153
156
157
160
161
163
164
165
166
167
169
170
171
172
173
174
176
178
179
180
181
182
183
185
187
189
190
194
195
197
199
200
201
203
204
205
206
208
209
210
212
213
218
219
221
223
224
225
226
230
231
232
233
237
238
240
241
246
247
248
245
250
251
252
254
255
257
260
261
262
263
265
266
270
271
274
275
276
277
281
282
283
285
286
287
289
290
294
295
296
297
298
301
302
304
305
308
309
310
311
315
316
318
320
321
322
323
325
329
330
331
332
333
334
336
337
339
340
341
344
345
348
349
351
353
355
352
358
359
362
363
365
368
369
371
373
374
377
378
380
381
383
386
387
390
392
393
394
397
399
400
401
402
405
406
408
410
411
412
415
416
419
420
423
424
425
426
428
429
430
431
432
434
436
437
438
5
代码覆盖率为：0.9347079037800687
