8
10
11
12
13
14
16
18
19
20
26
29
30
31
33
34
40
42
43
44
45
46
48
50
51
52
53
54
55
57
59
61
62
63
64
68
69
71
72
78
79
80
83
84
85
86
87
88
89
92
94
95
97
99
100
101
104
105
108
109
112
113
114
115
118
119
120
121
124
125
126
129
130
131
132
133
135
138
139
140
143
144
145
146
147
149
154
155
157
158
162
163
165
168
169
171
172
174
175
176
177
180
181
183
184
185
187
188
191
192
194
195
196
197
198
199
200
212
216
217
218
215
226
227
229
230
232
234
233
237
239
240
242
243
251
252
254
255
256
262
268
269
270
271
272
274
287
291
292
293
294
295
296
297
299
300
301
302
303
304
309
311
312
316
317
319
321
323
324
326
327
332
333
335
337
338
339
340
347
348
351
352
354
355
360
361
363
365
366
367
368
374
375
377
378
379
380
381
383
385
386
387
394
396
397
399
400
401
402
404
410
413
415
408
421
423
425
426
430
431
434
435
436
437
441
442
443
445
446
447
449
450
454
455
457
458
460
461
464
465
466
467
471
472
474
476
477
478
479
481
485
486
488
489
490
493
494
504
506
507
508
509
513
514
516
517
521
522
523
524
528
529
533
534
535
539
540
546
548
550
547
553
554
557
558
560
565
567
570
572
574
575
578
579
581
582
584
587
589
592
594
596
597
598
601
603
604
605
606
609
611
614
616
618
619
620
623
624
627
628
5
代码覆盖率为：0.9067796610169492
