8
10
12
13
14
17
18
21
22
28
31
32
36
37
39
45
47
48
49
50
52
53
54
55
56
57
59
61
63
64
65
66
67
69
71
72
73
79
80
81
84
85
87
88
89
90
93
95
96
98
99
100
102
103
106
107
108
109
112
113
114
115
116
117
118
121
122
123
126
128
129
130
133
134
137
138
141
142
143
146
147
148
149
154
155
157
158
159
160
161
163
166
167
169
170
171
172
173
175
178
179
181
182
186
187
189
192
193
195
196
198
199
200
201
208
210
211
212
213
217
218
220
221
224
225
227
228
233
234
236
238
239
240
241
248
252
253
254
256
257
260
264
265
266
267
268
269
270
282
286
287
288
285
296
297
299
300
302
304
303
307
309
310
312
313
321
322
324
325
326
332
338
339
340
341
342
344
357
361
362
363
364
365
366
367
369
370
371
372
373
374
379
381
382
383
384
385
387
389
395
398
400
393
406
408
410
411
413
414
419
420
422
424
425
426
427
431
432
434
435
436
437
438
440
442
443
444
447
448
450
451
455
456
459
460
461
462
466
467
468
470
471
472
474
475
487
489
490
491
492
496
497
499
500
504
505
506
507
510
511
512
516
518
521
524
528
529
535
536
538
539
542
543
544
545
549
550
552
554
555
556
557
559
565
567
570
572
573
574
577
578
581
583
586
588
590
592
589
595
596
599
600
602
605
607
610
612
614
615
618
619
621
622
624
627
629
632
634
636
637
638
641
643
644
645
646
5
代码覆盖率为：0.9033149171270718
