7
9
11
13
10
16
17
20
21
23
26
28
29
32
33
35
36
38
41
43
44
45
48
50
51
52
53
56
58
59
60
63
64
67
68
71
72
73
74
75
77
79
80
81
84
85
86
87
91
92
94
95
99
100
102
103
108
109
111
113
114
115
116
120
121
122
123
127
128
130
131
146
147
145
150
151
152
153
154
156
158
159
160
164
165
167
169
170
171
173
174
175
176
178
180
181
182
184
185
187
189
190
191
192
193
194
195
197
198
199
201
202
203
206
207
210
211
213
214
215
216
217
219
220
221
222
223
224
226
228
230
231
232
233
234
236
238
239
240
244
245
247
249
254
253
259
258
264
263
268
269
275
276
278
279
280
284
285
287
288
289
290
293
294
298
299
300
302
303
306
307
308
312
313
314
315
316
317
318
321
322
326
327
329
330
333
334
336
337
341
342
343
344
345
347
350
351
353
354
358
359
361
362
367
368
370
372
373
374
375
380
383
387
388
390
394
395
396
399
403
404
405
406
407
409
411
412
413
416
417
419
420
424
425
428
429
430
431
435
436
437
439
440
441
443
444
448
449
450
451
452
454
455
457
458
461
462
463
464
468
469
471
473
474
475
476
478
482
483
485
486
487
490
491
5
代码覆盖率为：0.8675078864353313
