11
12
13
14
15
16
17
18
19
21
22
24
25
26
29
30
33
34
36
37
38
39
40
44
45
46
47
48
49
51
53
54
55
56
57
58
60
62
63
64
68
69
71
78
79
83
80
86
87
90
91
92
94
96
97
99
101
98
104
105
108
109
111
113
114
116
117
120
121
123
124
126
128
130
131
132
133
134
136
138
139
140
141
142
143
145
147
149
150
154
155
157
159
161
163
164
165
168
170
171
172
173
175
185
186
187
184
189
190
192
193
194
195
199
200
202
203
204
206
207
212
213
214
216
218
220
221
222
223
224
225
226
230
231
232
234
235
238
240
242
243
245
246
249
250
252
253
254
255
256
258
261
262
264
265
267
268
273
274
276
278
279
280
281
286
287
289
290
292
294
295
296
297
298
300
302
303
304
309
310
311
313
314
315
316
318
323
324
325
327
328
330
333
334
335
336
337
338
339
341
344
345
346
347
349
351
352
353
354
355
357
359
361
362
363
364
365
367
369
370
371
373
374
378
379
381
383
384
385
387
388
389
390
392
395
396
397
399
400
402
406
405
410
411
412
413
417
418
420
421
427
428
429
430
432
433
437
438
441
442
443
444
448
449
450
452
453
454
456
457
462
463
465
466
468
469
472
473
474
475
479
480
482
484
485
486
487
489
494
495
497
498
499
502
503
509
510
512
514
516
513
519
520
523
524
526
531
532
533
534
535
536
537
539
542
544
545
548
549
551
552
554
558
560
561
563
565
568
570
573
574
576
581
585
587
588
589
592
594
595
596
597
601
602
604
606
607
608
611
612
615
616
621
622
623
624
627
628
629
630
631
633
635
636
637
641
642
643
645
646
647
648
652
653
655
656
659
660
661
663
664
666
667
672
673
675
677
678
679
680
5
代码覆盖率为：0.9287410926365796
