22
23
24
25
27
28
29
31
32
33
35
36
37
46
47
48
49
50
51
52
53
54
56
57
59
60
61
64
65
68
69
71
72
73
74
75
77
78
79
80
81
82
84
86
87
88
89
90
91
93
95
96
97
101
102
104
107
108
109
110
114
115
117
118
121
122
124
125
130
131
133
135
136
137
138
150
151
152
153
155
156
157
158
166
167
168
169
170
171
172
173
175
176
177
178
179
181
183
184
185
186
190
191
193
194
199
198
201
202
203
205
206
210
209
214
215
217
218
219
220
221
222
223
225
226
228
229
231
232
234
235
244
247
248
249
250
251
253
255
256
257
258
259
260
262
264
265
266
270
271
273
275
276
277
279
280
281
282
284
286
287
288
289
291
292
294
301
302
303
304
305
300
308
309
310
311
312
314
321
322
324
325
327
328
333
334
336
338
339
340
341
349
350
352
353
354
355
356
358
360
361
362
371
372
373
375
377
378
382
383
386
387
388
389
393
394
395
397
398
399
401
402
407
408
410
412
413
415
416
419
420
421
422
426
427
429
431
432
433
434
436
440
441
442
443
445
448
450
451
452
455
456
468
469
471
473
475
477
474
480
481
484
485
487
500
501
502
503
505
507
509
510
513
514
516
517
519
527
528
530
532
533
534
537
539
540
541
542
551
552
554
555
557
559
560
561
564
565
568
569
576
577
579
580
581
582
583
585
587
588
589
5
代码覆盖率为：0.9096209912536443
