7
10
11
12
14
15
17
19
20
21
22
23
24
25
27
29
31
32
33
36
37
40
41
43
45
46
47
48
50
54
55
52
58
59
60
61
62
64
66
68
69
70
71
72
74
76
78
79
81
82
87
88
90
92
93
94
95
100
101
102
103
107
108
110
111
118
120
122
124
126
115
129
130
134
135
137
142
140
147
149
151
152
154
155
156
157
160
162
164
166
167
168
170
171
174
176
178
179
180
181
182
183
184
187
189
191
193
194
196
197
200
202
204
205
206
207
208
210
213
215
217
218
220
221
226
227
229
231
232
233
234
238
240
242
243
244
245
246
248
250
251
252
255
257
258
260
261
265
266
269
270
271
272
276
277
278
280
281
282
284
285
289
292
294
295
297
298
301
302
303
304
308
309
311
313
314
315
316
318
322
324
326
328
330
331
332
335
336
339
341
343
345
347
344
350
351
354
355
357
360
362
364
366
367
370
371
373
374
376
379
382
383
384
386
388
390
391
392
395
397
398
399
400
403
406
407
408
410
411
412
414
416
421
423
424
425
428
429
432
433
436
439
440
441
442
443
445
446
447
449
453
454
455
456
457
459
461
462
463
466
470
471
472
473
477
478
480
481
5
代码覆盖率为：0.9405594405594405
