7
9
10
11
12
14
15
16
17
18
19
21
23
24
25
26
27
28
30
32
34
36
37
40
41
43
44
46
49
51
52
53
56
58
59
60
61
64
66
67
68
71
72
75
76
79
80
81
82
83
85
87
88
89
95
96
97
93
101
102
104
105
106
107
110
112
114
115
116
118
119
122
124
126
127
128
129
130
131
132
137
135
143
141
149
147
153
155
157
159
160
161
164
165
168
169
172
174
176
177
178
179
182
184
186
187
188
189
190
192
195
197
199
200
201
202
203
205
208
210
212
213
217
218
220
223
225
227
228
230
231
232
233
236
238
240
241
242
244
245
248
250
252
254
255
256
257
258
259
260
263
265
267
269
270
272
273
276
279
281
282
283
284
285
287
290
293
295
296
298
299
304
305
307
309
310
311
312
317
319
320
324
325
327
329
331
332
333
334
338
339
341
342
345
346
348
349
354
355
357
359
360
361
362
366
367
368
369
373
374
376
377
381
383
385
386
387
388
389
391
393
394
395
398
400
402
403
407
408
411
412
413
414
418
419
420
422
423
424
426
427
431
433
435
439
440
442
443
446
447
448
449
453
454
456
458
459
460
461
463
467
469
470
471
473
475
479
480
481
484
485
488
490
492
496
498
500
497
503
504
507
508
510
5
代码覆盖率为：0.8987341772151899
