7
9
10
11
12
13
14
15
17
18
19
20
21
23
24
25
26
27
28
30
32
34
36
37
40
41
43
44
46
49
51
52
53
56
58
59
60
61
64
66
67
68
71
72
75
76
79
80
81
82
83
85
87
88
89
95
96
97
93
101
102
104
105
106
107
110
112
114
115
116
118
119
122
124
126
127
128
129
130
131
132
137
135
143
141
149
147
153
155
157
159
160
161
164
165
168
169
172
174
176
177
178
179
182
184
186
187
188
189
190
192
195
197
199
200
201
202
203
205
208
210
212
213
217
218
220
223
225
227
228
230
231
232
233
236
238
240
241
242
244
245
248
250
252
254
255
256
257
258
259
260
263
265
267
269
270
272
273
276
279
281
282
283
284
285
287
290
293
295
296
298
299
304
305
307
309
310
311
312
317
319
320
321
322
323
325
327
328
329
333
334
336
338
340
341
342
343
347
348
350
351
354
355
357
358
363
364
366
368
369
370
371
375
376
377
378
382
383
385
386
390
392
394
395
396
397
398
400
402
403
404
407
409
411
412
416
417
420
421
422
423
427
428
429
431
432
433
435
436
440
442
444
445
449
450
452
453
456
457
458
459
463
464
466
468
469
470
471
473
477
479
480
482
483
485
486
490
491
492
495
496
499
501
503
504
508
510
512
509
515
516
519
520
522
5
代码覆盖率为：0.9021406727828746
