7
8
9
10
11
12
13
14
16
18
20
21
22
25
26
29
30
40
39
42
43
44
45
46
48
55
54
63
64
66
68
69
70
71
72
74
79
81
82
83
84
86
87
88
89
90
91
93
95
96
97
98
99
100
102
104
106
107
111
112
114
116
119
120
122
123
124
125
127
128
129
130
132
133
135
138
139
140
141
142
144
146
147
148
153
154
155
156
160
161
163
164
169
170
172
173
178
179
181
183
184
185
186
197
198
199
201
202
203
204
196
206
207
211
212
214
220
222
224
226
228
230
232
235
237
238
240
241
242
243
254
255
256
258
259
260
262
263
275
276
277
278
279
281
282
283
284
285
286
287
298
299
300
302
304
305
307
308
322
323
324
325
327
329
330
331
332
333
335
346
347
348
349
350
351
353
355
356
358
359
364
365
367
369
370
371
372
381
383
384
385
386
387
388
389
391
392
394
395
396
399
400
403
404
406
408
409
410
411
413
416
417
418
419
423
424
426
427
433
434
435
432
437
438
439
440
441
443
445
446
447
451
452
453
454
455
456
457
458
461
462
466
467
470
471
472
473
477
478
479
481
482
483
485
486
493
494
495
499
500
502
503
506
507
508
509
513
514
516
518
519
520
521
523
530
531
534
535
536
539
540
546
547
548
550
552
554
551
557
558
561
562
564
568
569
570
572
574
575
578
579
581
582
584
589
590
591
592
593
595
597
598
599
602
604
605
606
607
5
代码覆盖率为：0.9140401146131805
