11
16
17
18
20
21
22
28
32
38
39
40
46
47
48
49
54
55
56
57
58
59
60
61
63
66
65
68
69
70
71
72
73
74
78
77
83
87
89
90
91
94
95
98
99
101
102
103
104
105
107
108
109
110
111
112
114
116
118
119
120
121
122
124
126
127
128
132
133
135
137
140
141
143
144
145
146
148
149
150
151
153
154
156
159
160
161
162
166
167
169
170
175
176
178
179
184
185
187
189
190
191
192
198
199
200
201
205
206
208
209
216
217
227
228
229
230
231
233
235
236
237
238
240
241
226
244
245
247
248
254
255
257
258
259
260
261
263
271
272
274
275
277
278
283
284
286
288
289
290
291
301
302
304
305
306
307
308
310
312
313
314
322
323
324
326
327
331
332
335
336
337
338
342
343
344
346
347
348
350
351
364
365
366
368
369
371
372
375
376
377
378
382
383
385
387
388
389
390
392
404
405
406
407
409
410
411
414
415
424
425
427
428
431
433
435
432
438
439
442
443
445
454
455
456
458
461
463
464
467
468
470
471
473
482
483
485
486
489
491
493
494
495
498
500
501
502
503
511
512
515
514
517
519
521
522
523
526
527
530
531
539
541
542
543
544
545
546
548
550
551
552
5
代码覆盖率为：0.9191919191919192
