1
3
6
7
8
9
10
11
12
13
14
15
16
17
19
20
27
28
30
33
34
35
36
37
32
41
42
43
44
40
47
48
51
53
57
60
61
65
68
69
71
72
73
75
77
80
81
84
85
86
87
89
98
100
101
104
105
107
109
110
112
113
116
117
119
177
179
180
182
187
188
189
190
191
193
196
198
200
201
202
203
204
209
210
211
212
215
216
219
220
222
225
226
228
231
232
234
239
240
242
243
246
247
248
251
252
253
254
255
258
259
262
263
264
267
268
269
270
273
274
275
278
279
280
283
284
285
288
289
290
293
294
295
298
299
300
303
305
306
307
308
309
310
311
315
316
317
320
321
322
325
326
327
330
331
332
336
338
341
343
347
代码覆盖率为：0.7970297029702971
