2
8
9
6
12
13
11
15
16
17
18
19
21
22
23
26
27
28
29
30
32
33
34
35
36
39
41
40
43
46
47
49
50
52
53
55
56
58
59
62
63
64
65
66
67
68
72
74
75
76
77
78
79
80
81
82
83
87
86
91
92
94
95
97
98
100
101
102
103
104
107
109
110
111
113
114
115
116
117
118
119
120
121
122
124
126
127
128
129
130
132
135
136
137
139
140
142
143
145
146
148
149
150
151
152
153
156
158
159
161
162
163
164
165
166
167
170
172
173
176
177
179
180
181
178
184
185
186
187
188
189
191
192
194
196
197
199
200
201
195
205
206
1
代码覆盖率为：0.9166666666666666
