2
5
7
6
11
10
15
14
19
20
18
24
25
26
23
29
30
31
32
33
34
35
36
37
38
39
41
42
40
44
45
47
48
49
50
51
52
46
54
55
56
59
60
61
62
63
64
67
68
69
70
71
73
76
77
78
81
83
84
85
86
87
88
89
90
94
95
98
99
101
102
103
107
108
109
110
112
113
114
117
119
120
121
122
123
124
125
126
127
130
131
132
111
135
136
137
138
139
140
141
142
145
148
149
151
152
150
155
156
154
158
159
160
161
162
163
166
167
169
172
174
175
179
182
183
184
185
186
187
189
191
195
194
199
201
202
203
204
205
206
207
208
211
212
213
214
215
218
219
220
223
224
225
228
229
230
231
232
233
234
237
238
239
240
242
243
246
247
249
250
1
代码覆盖率为：0.9047619047619048
