23
24
25
26
27
28
29
30
31
32
33
34
35
36
37
39
40
42
43
44
45
46
47
48
49
50
51
52
53
54
55
56
57
58
60
61
62
63
59
66
67
68
71
72
73
74
75
77
78
79
80
82
83
84
85
87
88
89
90
92
93
94
96
97
98
100
101
102
104
106
107
109
111
112
114
115
117
118
120
121
122
123
125
126
127
128
130
131
132
133
135
136
137
138
140
141
142
143
145
146
147
148
150
151
152
153
155
156
157
158
160
161
162
163
164
166
167
168
169
170
172
173
174
175
176
178
179
180
181
182
184
185
186
187
189
190
191
192
194
195
196
197
199
200
201
202
204
205
206
207
208
210
211
212
213
214
216
217
218
219
220
222
223
224
225
226
228
229
230
231
232
233
235
236
237
238
239
240
242
243
244
245
246
247
249
250
251
252
253
254
256
257
258
259
260
261
262
264
265
266
267
268
269
270
272
273
274
275
276
277
278
280
281
282
283
284
285
286
288
289
290
291
292
293
294
295
297
298
299
300
301
302
303
304
306
307
308
309
310
311
312
313
315
316
317
318
319
320
321
322
324
325
326
327
328
330
331
332
333
334
336
337
338
339
340
342
343
344
345
346
348
349
350
351
353
354
355
356
358
359
360
361
363
364
365
366
368
369
370
371
372
374
375
376
377
378
380
381
382
383
384
386
387
388
389
390
392
393
394
395
396
397
399
400
401
402
403
404
406
407
408
409
410
411
413
414
415
416
417
418
420
421
422
423
424
425
426
428
429
430
431
432
433
434
436
437
438
439
440
441
442
444
445
446
447
448
449
450
452
453
454
455
456
457
458
459
461
462
463
464
465
466
467
468
470
471
472
473
474
475
476
477
479
480
481
482
483
484
485
486
488
489
491
492
494
495
497
498
500
501
503
508
509
510
511
512
514
515
516
517
518
519
520
521
522
523
513
525
527
528
529
530
531
533
534
535
536
532
537
538
539
540
542
544
545
546
547
548
554
549
550
553
556
558
563
564
567
570
571
572
573
574
575
576
577
578
579
580
581
582
583
584
586
587
589
590
592
593
596
597
600
601
602
603
605
606
607
608
610
611
612
604
614
615
617
618
619
620
625
626
631
633
634
636
637
639
640
638
642
643
644
645
651
652
655
656
657
658
664
665
653
667
668
650
670
672
673
675
676
678
679
677
681
682
683
684
690
691
694
695
696
697
703
704
692
706
707
689
709
711
712
713
715
716
718
719
720
721
722
723
724
731
732
733
734
736
737
739
740
741
742
743
744
745
746
747
748
749
750
751
756
757
759
760
763
764
766
767
768
769
770
771
772
773
774
775
776
778
779
780
781
782
783
784
785
787
789
790
791
794
796
797
798
799
801
802
805
804
807
809
811
812
813
814
815
816
818
821
822
823
824
825
826
827
828
829
831
832
833
835
836
838
841
842
843
845
848
849
858
862
869
870
882
885
886
887
888
889
890
911
912
913
914
915
919
921
922
923
924
925
927
928
929
930
932
933
934
935
936
937
939
941
942
945
946
947
944
950
951
952
953
954
955
956
960
962
963
974
973
979
978
984
983
993
994
995
999
1000
1002
1006
1007
1010
1012
1016
1019
1020
1026
1027
1029
1030
1035
1037
1038
1039
1042
1045
1046
1049
1050
1052
1053
1051
1058
1059
1063
1064
1067
1068
1069
1070
1072
1073
1076
1078
1080
1084
1086
1087
1089
1092
1093
1095
1096
1098
1099
1134
1135
1136
1137
1138
1146
1149
1150
1151
1157
1158
1162
1163
1164
1167
1168
1169
1172
1173
1174
1177
1178
1179
1183
1184
1156
1187
1190
1191
1192
1194
1197
1199
1200
1201
1203
1204
1205
1206
1209
1210
1211
1214
1216
1217
1219
1222
1226
1229
1230
1232
1234
1237
1241
1242
1243
1245
1246
1247
1252
1254
1256
1261
1262
1263
1268
1269
1270
1271
1
代码覆盖率为：0.9293044469783353
