2
3
8
9
12
11
19
20
21
46
50
57
64
65
67
70
71
72
75
76
79
80
85
86
87
88
89
95
97
93
101
104
106
110
112
114
116
118
133
134
135
136
137
138
139
140
142
143
144
145
146
147
148
149
158
159
160
168
169
174
175
177
178
180
188
189
190
191
193
195
198
199
200
203
204
205
209
212
213
214
216
217
221
222
230
231
236
238
239
240
242
243
244
251
252
253
262
263
264
265
271
275
276
283
284
290
292
293
296
300
306
312
314
315
317
321
335
336
337
338
339
340
341
342
343
351
353
354
361
362
363
364
365
366
367
368
369
370
376
377
378
379
380
381
382
383
384
385
390
391
398
399
400
402
403
404
406
407
416
422
424
426
427
428
430
431
437
438
439
443
446
447
452
453
454
455
457
473
484
485
486
487
488
489
490
491
492
501
502
505
506
507
508
509
511
513
515
517
518
519
521
522
523
524
527
532
533
535
536
537
538
539
540
541
534
543
544
545
546
549
550
552
555
556
557
558
568
570
573
574
575
576
577
578
579
580
581
582
585
586
588
589
590
587
594
598
599
600
601
602
603
604
605
606
616
619
620
1
代码覆盖率为：0.8037383177570093
