20
31
32
33
34
35
36
37
38
39
40
41
42
43
44
45
47
48
49
50
51
52
46
54
55
56
57
59
60
61
62
63
64
65
58
67
68
76
77
78
79
80
88
89
90
91
92
102
103
104
105
106
117
118
119
120
121
122
134
137
139
140
141
142
143
144
146
147
148
149
150
161
165
172
173
174
176
183
188
190
192
193
194
195
196
198
199
200
213
214
227
231
232
234
233
236
237
238
239
240
241
242
243
246
248
249
251
250
253
267
271
272
273
274
275
276
277
278
287
288
289
291
293
294
296
292
298
299
300
301
304
318
319
328
327
331
332
336
335
340
343
339
352
353
1
代码覆盖率为：0.7435897435897436
