29
30
31
33
36
41
48
54
59
60
61
62
70
73
74
75
77
78
79
80
81
82
84
87
88
89
90
91
92
95
96
97
98
99
101
104
105
106
107
109
110
130
132
134
136
141
144
146
147
148
153
154
156
157
158
159
160
161
163
185
187
190
192
196
199
201
219
222
225
230
231
232
233
234
235
236
237
238
240
241
243
244
245
246
247
248
249
250
251
253
255
257
258
260
261
263
264
265
266
267
271
275
276
278
279
282
303
306
308
310
312
314
317
320
322
325
327
329
331
336
338
341
344
346
348
351
354
356
359
367
369
371
373
375
378
380
383
385
387
389
391
393
395
397
363
402
404
406
408
400
411
434
439
453
454
455
456
457
458
459
460
469
470
471
472
473
474
479
480
481
482
489
490
491
492
504
505
506
507
512
518
523
528
531
535
541
548
549
550
551
552
556
558
561
564
568
582
585
584
588
589
590
591
592
593
594
596
597
598
599
600
601
602
603
604
605
606
607
608
609
611
612
613
615
617
618
620
621
622
623
624
625
626
627
629
635
637
640
642
643
644
647
649
650
652
653
654
655
656
657
658
659
660
661
663
664
665
666
667
668
669
677
678
679
680
681
682
683
684
686
687
688
689
690
691
694
696
697
698
700
701
703
704
705
708
710
712
713
714
715
716
717
721
722
726
731
735
736
737
740
741
742
743
745
749
751
752
753
754
756
757
760
761
762
763
764
767
771
772
775
777
779
780
781
782
783
785
786
787
788
789
791
802
806
807
809
810
812
813
814
815
816
817
820
823
824
826
829
831
832
833
834
835
836
837
838
840
841
842
843
844
845
847
848
850
851
854
855
856
857
859
860
861
863
864
867
868
869
872
873
875
876
878
879
881
882
883
884
886
887
888
889
891
892
897
899
902
903
904
905
907
908
913
915
918
919
920
921
922
923
924
925
927
928
929
930
931
932
933
934
935
936
937
939
940
942
944
946
947
948
949
950
951
953
954
959
961
963
964
966
968
971
974
976
977
978
980
983
984
985
987
989
991
992
994
995
996
997
998
999
1000
1002
1005
1006
1009
1010
1011
1012
1013
1014
1015
1016
代码覆盖率为：0.8295254833040422
