2
6
7
8
10
11
12
17
19
21
26
27
28
33
34
35
36
43
44
45
46
47
48
49
57
59
60
61
62
63
64
65
67
66
73
74
75
76
77
78
79
84
85
92
93
100
102
103
107
108
110
111
112
113
125
126
127
128
136
138
139
142
143
144
145
146
147
148
149
157
158
170
171
172
173
185
186
187
188
190
192
193
199
200
203
204
205
206
207
215
216
217
218
219
220
221
222
223
228
229
232
233
234
235
238
239
240
241
244
245
251
252
258
257
265
266
267
268
278
282
284
286
288
290
292
294
296
298
301
303
305
306
307
314
316
318
320
321
322
323
325
328
330
346
347
348
349
350
351
352
353
354
355
356
357
358
366
367
368
369
370
371
372
376
377
378
380
381
382
383
386
387
388
391
392
393
395
396
397
398
399
400
402
403
404
405
406
409
410
412
413
414
415
417
423
424
425
426
429
430
431
433
435
436
438
440
441
443
445
446
448
450
451
453
454
464
465
466
467
468
472
473
475
476
477
478
482
483
484
485
486
489
490
491
492
493
494
495
503
504
505
507
511
512
515
516
517
519
521
522
524
525
527
528
529
530
531
532
533
534
535
536
537
538
539
541
544
545
547
548
550
551
553
554
555
557
558
559
566
567
570
571
572
573
574
575
579
580
581
582
583
586
588
589
591
593
594
595
596
597
598
600
607
608
609
611
612
614
616
617
618
621
622
623
624
625
626
627
628
629
630
632
634
635
638
639
640
641
642
643
644
645
646
649
650
651
652
653
654
655
656
657
658
661
662
663
664
665
666
667
668
669
672
673
674
675
676
677
678
679
696
697
698
699
700
701
702
703
705
707
708
709
710
711
712
713
714
715
716
717
719
720
721
722
723
724
725
726
727
728
730
731
732
733
734
736
737
738
739
740
741
742
743
744
747
748
749
1
代码覆盖率为：0.9379310344827586
