9
10
11
18
20
19
24
26
29
31
33
35
36
38
40
42
44
45
46
48
49
51
52
53
54
56
57
59
60
62
63
65
67
69
70
72
74
75
77
79
81
82
83
85
86
87
88
89
91
93
94
95
96
97
98
99
100
101
102
104
105
106
108
109
111
112
114
116
117
119
121
122
124
126
127
129
131
132
133
134
135
136
137
139
142
147
149
150
152
154
155
157
159
160
162
164
165
167
169
170
172
174
175
177
179
180
182
184
185
187
189
190
192
194
195
197
199
200
202
204
205
207
209
210
212
214
215
216
217
218
219
221
224
225
226
227
228
229
231
233
234
235
236
237
238
240
243
244
245
246
247
248
250
253
254
255
256
257
258
260
263
264
265
266
267
268
8
代码覆盖率为：0.7767441860465116
