6
7
8
9
10
12
14
16
18
19
20
22
23
24
25
33
34
41
42
48
47
55
56
57
58
66
67
74
75
81
80
88
89
90
99
100
101
102
109
110
111
112
119
121
128
129
130
131
133
134
135
136
142
143
151
152
155
160
161
162
163
165
166
167
168
170
171
174
175
178
179
184
194
195
202
203
204
205
206
207
208
209
210
211
223
224
225
226
234
235
243
244
245
246
248
249
250
251
253
255
256
263
265
270
269
276
277
278
286
287
288
290
291
293
294
296
297
299
300
302
303
305
306
309
311
312
313
314
317
324
325
326
329
330
331
332
339
340
348
349
350
351
352
355
360
361
368
369
372
373
374
375
376
377
378
380
382
1
代码覆盖率为：0.9132947976878613
