3
4
5
6
7
8
9
10
16
17
18
19
20
21
23
24
22
26
30
31
32
33
40
41
42
43
50
51
52
53
54
58
59
60
69
70
71
72
73
75
76
78
79
81
82
84
85
88
90
91
93
95
96
99
101
103
105
106
109
110
112
113
117
119
120
124
125
127
128
132
133
135
136
140
142
143
146
147
156
157
158
159
160
161
163
164
165
167
169
171
172
173
175
177
179
180
181
183
185
186
197
198
200
201
203
204
208
209
213
214
212
216
217
224
225
227
228
230
231
232
233
236
237
242
243
244
245
252
253
255
256
258
260
261
263
264
273
274
276
277
279
280
282
284
285
287
288
290
291
292
302
303
304
305
306
307
308
314
315
316
322
323
324
325
326
327
328
332
333
336
337
338
335
342
343
350
351
358
359
360
361
362
363
365
366
367
374
375
376
377
378
379
381
382
383
384
385
380
388
389
390
391
402
403
404
405
406
407
410
412
414
415
417
419
421
423
424
426
433
434
436
437
439
441
442
444
445
447
448
451
455
456
457
454
460
461
462
459
475
476
477
478
479
481
484
485
497
498
499
500
501
503
504
505
507
508
510
544
545
546
547
549
552
553
554
556
557
558
566
567
569
572
573
574
578
579
580
581
582
587
596
597
599
602
603
604
609
612
617
618
624
625
626
1
代码覆盖率为：0.8647058823529412
