2
3
4
5
6
7
8
9
10
11
12
14
18
19
20
21
22
23
24
25
27
32
33
34
35
36
37
38
39
40
42
44
46
49
50
53
54
56
57
58
59
63
64
65
66
70
71
72
73
78
79
81
82
94
95
96
97
100
101
102
103
104
105
106
107
108
109
110
111
112
113
114
115
116
118
119
124
126
127
128
129
130
131
133
134
137
138
139
140
141
142
143
144
147
148
149
150
151
152
153
154
155
156
157
158
159
164
165
166
169
170
171
172
173
174
175
176
177
179
180
181
182
184
185
186
187
188
189
190
191
192
193
194
199
201
206
208
209
210
212
213
214
218
219
220
221
224
225
226
227
228
231
232
233
236
237
238
239
241
242
1
代码覆盖率为：0.9252873563218391
