2
4
5
6
7
8
9
11
12
13
14
15
16
17
19
20
21
22
23
24
25
27
29
31
33
35
37
39
38
41
42
43
44
47
48
49
51
52
54
55
57
58
59
53
61
62
63
64
65
66
69
70
71
74
75
73
77
78
79
80
83
84
85
87
88
89
90
92
95
96
86
102
103
104
105
107
108
106
110
111
112
113
115
119
120
122
121
124
125
126
127
129
133
134
136
137
135
140
141
143
147
148
150
151
149
154
155
157
159
158
161
163
162
165
167
171
174
175
173
172
179
182
183
184
186
187
185
190
191
192
194
197
201
202
204
203
207
211
212
215
216
219
220
221
222
225
229
230
232
231
234
235
237
1
代码覆盖率为：0.9166666666666666
