20
21
22
23
24
25
26
27
28
29
31
32
34
35
36
37
38
39
40
41
42
43
44
45
46
48
50
51
52
53
55
49
58
59
60
63
64
65
66
68
69
70
72
73
74
76
79
80
81
82
84
85
86
87
89
90
91
92
94
95
96
97
99
100
101
102
104
105
106
107
109
110
111
112
114
115
116
117
119
120
122
123
125
130
131
132
133
134
136
137
138
139
140
141
142
143
135
145
147
148
149
150
151
153
154
155
156
152
157
158
159
160
162
164
166
167
168
169
175
170
171
174
177
179
184
185
188
191
192
193
194
195
196
197
198
199
200
201
202
203
204
205
208
209
211
212
214
215
218
219
222
223
224
225
227
228
229
230
232
233
234
226
236
241
242
243
244
245
246
247
248
250
251
253
254
252
256
257
258
259
261
262
264
265
266
267
263
269
270
271
272
273
274
275
277
279
280
281
282
283
284
285
287
289
290
292
293
294
295
296
297
298
300
301
303
306
307
310
311
312
315
316
317
321
322
324
325
326
327
328
329
332
334
335
336
337
338
340
341
344
345
347
350
354
355
357
358
361
362
364
365
366
367
374
369
370
371
372
375
376
380
381
382
383
385
386
387
388
389
391
394
398
399
400
401
403
404
402
406
407
408
409
411
414
415
416
417
418
420
421
423
424
425
428
429
430
432
433
434
436
437
438
440
443
444
445
446
447
449
451
452
453
456
455
457
458
461
464
465
467
468
469
472
473
474
477
478
481
482
484
483
486
489
490
493
494
495
496
498
497
500
501
502
505
506
代码覆盖率为：0.9452054794520548
