12
33
35
37
38
39
40
41
42
44
45
46
48
52
53
54
51
58
59
60
57
65
64
71
72
77
79
80
84
85
86
87
90
91
88
93
96
97
99
100
101
102
103
104
105
109
110
111
112
113
114
115
116
117
119
120
121
122
123
124
126
127
128
129
131
132
133
134
135
136
137
138
139
141
142
143
144
145
148
149
151
152
154
155
156
158
160
161
164
165
166
169
170
173
174
177
180
181
182
185
186
192
194
196
197
198
200
201
203
206
208
209
210
211
213
214
218
228
229
230
231
232
234
235
237
238
239
243
245
247
248
250
252
254
255
256
259
261
262
264
266
267
268
273
274
278
279
294
296
297
298
302
303
304
306
309
310
311
313
314
315
312
317
320
322
324
325
326
327
329
330
332
334
335
337
11
代码覆盖率为：0.88
