8
9
10
11
12
13
14
15
16
17
18
19
20
21
22
23
39
40
41
42
43
44
45
46
47
48
49
51
52
53
54
55
56
57
58
70
74
78
79
81
82
83
88
92
97
98
99
104
105
106
107
117
118
129
128
135
134
141
143
149
150
156
157
159
175
176
181
180
188
187
194
195
201
202
203
211
214
215
234
237
242
241
249
248
255
256
262
263
285
288
289
290
291
292
293
294
295
296
298
299
300
297
302
307
308
309
310
311
314
315
316
317
318
319
320
306
326
327
328
331
333
334
335
340
341
346
347
352
353
358
359
364
365
370
371
376
377
382
383
388
389
394
395
396
397
400
401
403
405
406
408
410
411
416
417
419
420
421
426
427
430
429
432
437
438
439
444
445
446
447
452
458
459
461
466
467
468
470
475
476
478
479
484
485
492
493
494
495
496
497
498
501
507
510
516
519
520
521
522
524
525
527
528
529
531
532
533
534
537
538
539
540
541
560
561
562
563
570
569
577
576
588
587
595
594
602
603
604
605
606
601
613
614
619
620
625
628
629
630
636
639
643
646
652
654
672
674
675
676
677
683
684
685
686
687
682
696
697
702
703
705
707
710
711
709
714
719
720
722
723
726
727
725
730
735
736
737
738
739
741
742
743
744
745
748
749
747
752
754
755
756
758
763
764
766
767
768
786
787
790
791
802
803
804
805
806
807
808
809
810
811
812
813
814
815
832
833
834
835
837
839
840
841
842
843
845
846
851
852
857
858
863
864
869
870
875
876
878
879
884
885
886
888
890
900
910
911
912
913
914
915
916
917
918
919
920
921
922
923
924
925
926
927
928
929
930
931
932
933
934
935
936
937
938
939
940
941
942
943
944
945
946
947
948
949
950
951
952
953
954
955
956
957
958
959
960
961
962
963
964
965
966
967
968
969
970
971
972
973
974
975
987
988
991
992
993
997
998
1000
1002
1007
1008
1013
1014
1016
1017
1019
1021
1022
1024
1026
1027
1029
1031
1032
1034
1039
1040
1042
1043
1044
1045
1046
1047
1050
1051
1053
1058
1059
1061
1062
1063
1068
1069
1071
1085
1090
1091
1092
1093
1094
1095
1096
1097
1098
1099
1104
1105
1106
1107
1089
2
32
65
111
163
225
268
546
658
795
821
894
978
1076
代码覆盖率为：0.8290598290598291
