12
33
35
37
38
39
40
41
42
44
45
46
48
52
53
54
51
58
59
60
57
65
64
71
72
77
79
80
84
85
86
87
90
91
88
93
96
97
99
100
101
102
103
104
105
109
110
111
112
113
114
115
116
117
119
120
121
122
123
124
126
127
128
129
131
132
133
134
135
136
137
138
139
141
142
143
144
145
148
149
151
152
154
155
156
158
160
161
164
165
166
169
170
173
174
178
179
180
183
184
190
192
194
195
196
198
199
201
204
206
207
208
209
211
212
216
224
225
226
227
228
230
231
233
234
235
239
241
243
244
246
248
250
251
252
255
257
258
260
262
263
264
269
270
274
275
290
292
293
294
298
299
300
302
305
306
307
309
310
311
308
313
316
318
320
321
322
323
325
326
328
330
331
333
335
338
340
341
345
346
359
361
362
363
364
367
368
371
372
374
375
378
380
382
383
384
385
387
11
代码覆盖率为：0.8652173913043478
