9
13
17
18
20
21
22
27
29
30
32
37
38
39
40
45
46
47
48
54
55
56
62
70
71
80
94
100
96
102
103
105
106
108
109
111
112
120
135
136
142
150
151
156
155
166
167
174
175
177
178
184
185
187
188
189
191
192
201
203
205
207
209
224
235
236
237
244
245
246
256
257
258
259
260
269
270
271
279
280
281
290
291
301
302
303
304
305
318
319
333
334
335
343
345
347
349
357
363
364
370
371
378
379
380
386
387
395
400
401
412
413
414
411
421
422
423
424
425
420
429
431
433
435
437
439
454
455
463
464
471
472
473
482
483
484
486
493
494
495
504
505
506
508
517
518
519
520
521
522
523
524
525
526
527
537
538
539
540
541
542
543
544
545
546
557
558
559
560
561
562
563
564
565
566
567
568
569
571
572
574
576
579
581
585
587
592
594
595
597
599
601
604
605
607
610
611
612
614
616
617
618
632
633
634
635
636
638
640
642
644
646
647
648
649
650
662
663
664
665
666
667
668
669
671
672
675
676
689
690
691
692
693
694
695
696
697
698
699
700
702
703
705
708
710
714
716
721
723
724
726
728
730
733
734
736
739
747
748
749
751
752
753
760
761
762
769
770
771
777
778
785
786
787
789
795
796
797
798
799
805
806
817
818
819
820
821
822
823
828
829
830
835
836
837
844
845
846
853
854
855
867
868
870
872
875
878
884
885
886
888
895
897
906
907
908
917
918
919
920
921
922
923
924
926
940
941
943
944
946
947
953
954
955
962
963
964
965
967
968
973
974
979
987
988
990
992
994
996
998
1000
1002
1004
1006
1008
1010
1012
1014
1016
1018
1020
1022
1024
1026
1028
1030
1032
1034
1036
1038
1040
1042
1044
1046
1048
1050
1052
1054
1056
1058
1060
1062
1064
1066
1068
1070
1072
1074
1076
1078
1080
1082
1084
1086
1088
1090
1092
1094
1096
1098
1100
1102
1104
1106
1108
1110
1112
1114
1116
1118
1120
1122
1124
1126
1128
1130
1132
1134
1136
1138
1140
1142
1144
1146
1148
1150
1152
1154
1156
1158
1160
1162
1164
1166
1168
1170
1172
1174
1176
1178
1180
1182
1184
1186
1188
1190
1192
1194
1196
1198
1200
1202
1204
1206
1208
1210
1212
1214
1216
1218
1226
1227
1229
1231
1233
1235
1237
1245
1246
1248
1249
1251
1253
1254
1256
1258
1259
1260
1261
1262
1264
1266
1268
1243
4
代码覆盖率为：0.9273422562141491
