5
6
13
14
15
16
17
18
19
26
28
29
34
40
41
42
39
47
48
49
50
51
52
53
54
55
56
57
58
59
60
61
62
63
64
65
66
67
68
69
70
71
72
73
74
75
76
77
78
79
80
81
82
83
84
85
86
90
92
93
98
100
103
104
105
106
108
109
110
111
112
116
118
119
120
121
117
126
127
128
129
130
131
132
133
134
135
136
137
138
139
140
141
142
143
144
145
146
147
149
157
159
160
162
164
171
172
173
174
179
181
183
185
187
188
191
197
198
199
200
201
203
204
205
206
208
211
212
215
219
220
221
222
223
224
225
226
227
228
230
233
235
236
239
240
241
242
244
245
254
256
264
265
266
268
276
277
278
279
280
281
282
283
284
285
286
287
288
290
291
292
293
294
295
297
298
300
305
307
308
311
312
313
314
315
316
318
323
327
328
329
330
333
340
342
347
350
351
352
360
363
364
365
366
372
374
377
378
379
380
382
385
386
387
389
390
393
395
398
401
405
413
415
416
417
418
419
420
421
423
424
425
426
427
428
430
431
432
433
435
436
452
454
456
460
461
462
463
464
465
466
467
468
469
476
470
472
473
474
475
477
478
481
482
483
484
485
486
487
488
492
493
494
495
496
497
498
500
507
509
511
514
520
521
522
523
530
532
536
537
538
544
546
547
548
554
556
557
566
568
569
570
572
573
575
576
577
578
581
582
583
584
585
586
588
589
590
591
594
595
597
598
599
600
601
603
605
607
608
609
610
611
613
616
621
623
625
626
631
633
635
636
641
643
645
646
651
653
655
656
661
663
664
665
666
667
672
674
675
676
677
678
679
680
681
682
683
684
685
687
689
691
692
694
696
697
698
699
700
701
702
703
1
代码覆盖率为：0.8845265588914549
