2
5
7
9
11
13
15
24
25
26
27
28
29
30
36
41
43
44
45
50
52
53
54
59
64
66
68
69
70
75
78
79
81
87
89
90
95
97
102
104
109
111
116
118
124
158
162
163
164
160
166
167
169
170
172
173
175
176
177
178
185
186
187
189
190
192
194
195
197
201
208
209
206
213
214
215
211
222
223
224
220
229
230
231
232
233
234
236
237
238
239
241
242
243
245
246
226
262
263
264
265
266
267
268
269
270
271
272
273
260
287
288
289
290
285
294
301
302
303
304
305
308
309
310
311
306
315
316
317
318
319
320
321
322
323
313
327
328
329
330
331
332
333
334
335
325
339
340
341
342
343
344
345
346
347
348
349
337
353
354
355
356
357
358
359
360
361
362
363
364
365
366
367
368
351
370
371
384
385
386
404
405
422
434
435
452
464
465
484
496
497
523
524
540
542
548
546
555
557
560
567
575
578
580
584
589
590
591
592
593
598
599
600
601
602
603
607
608
609
610
611
597
615
620
621
622
627
628
629
630
634
635
636
626
640
645
646
647
658
659
663
664
665
657
667
668
669
672
677
678
685
687
688
689
690
691
692
693
694
695
696
697
698
711
717
721
735
738
743
744
746
751
752
754
755
757
759
760
762
763
764
767
768
770
771
773
778
780
784
786
790
792
793
797
799
800
806
808
809
812
814
817
815
820
823
824
828
839
840
841
845
849
850
851
852
866
867
868
873
877
878
865
883
884
886
888
889
891
893
894
896
898
899
901
906
907
909
912
913
914
915
916
918
928
929
931
932
933
936
937
939
940
941
944
945
947
948
949
952
953
955
956
957
964
965
966
967
968
969
970
971
962
974
975
976
977
978
979
985
986
987
988
989
990
992
993
994
995
996
997
998
999
1000
1001
1002
1003
1004
1008
1009
1011
1012
1013
1015
1017
1018
1019
1022
1023
1024
1026
1027
1031
1032
1033
1034
1035
1036
1040
1044
1045
1046
1047
1048
1049
1050
1051
1052
1053
1054
1055
1056
1057
1058
1059
1060
1061
1062
1063
1064
1065
1066
1070
1071
1072
1073
1077
1084
1105
1108
1109
1111
1112
1114
1116
1119
1120
1122
1123
1125
1127
1130
1131
1133
1134
1136
1138
1141
1142
1144
1145
1147
1149
1154
1157
1159
1162
1164
1167
1168
1170
1173
1175
1178
1180
1183
1184
1187
1190
1192
1194
1196
1198
1205
1206
1208
1212
1213
1216
1219
1220
1223
1225
1226
1227
1228
1
157
200
293
583
614
639
710
805
811
827
代码覆盖率为：0.7350427350427351
