6
10
14
15
17
18
19
24
26
27
29
34
35
36
37
42
43
44
45
51
52
53
60
61
62
63
64
65
66
73
81
82
91
103
106
107
109
110
112
116
117
119
120
121
123
124
125
133
140
143
144
145
155
157
161
158
171
172
174
170
189
193
195
200
202
219
220
221
222
223
224
225
233
234
239
240
245
246
251
252
257
258
266
267
268
270
272
273
275
276
277
288
289
290
298
307
308
316
317
325
333
334
339
340
347
349
350
361
360
369
371
372
373
374
379
380
385
386
391
393
399
401
408
409
415
416
417
419
428
430
431
437
438
439
440
441
447
448
453
454
459
460
467
468
469
472
473
474
475
482
483
484
1
代码覆盖率为：0.9053254437869822
