1
2
3
5
6
7
8
9
10
11
16
17
18
20
21
23
24
26
27
28
29
30
31
32
33
34
35
36
38
39
40
42
43
44
45
46
47
48
49
50
51
52
53
54
55
56
57
58
59
61
62
63
64
65
66
67
68
69
70
72
73
74
75
76
77
78
79
80
81
82
83
84
85
86
87
88
89
90
91
92
93
94
95
96
97
98
99
100
101
102
103
104
105
106
107
108
109
110
111
112
113
114
115
116
117
118
119
120
121
122
133
134
138
139
141
142
143
145
147
149
151
152
153
155
156
157
158
160
161
162
164
167
168
169
171
174
175
177
179
181
182
185
186
188
189
192
193
194
195
196
197
198
199
200
201
202
203
204
205
206
207
208
209
210
211
212
213
214
215
216
217
220
230
231
232
233
234
236
237
238
239
240
241
242
243
244
245
228
248
249
250
251
252
253
254
255
260
276
277
278
279
280
282
284
285
287
288
290
291
292
293
294
297
298
303
304
305
306
307
309
311
312
313
310
317
318
319
321
322
320
327
328
329
331
333
334
335
336
337
339
341
342
343
344
347
348
349
351
354
355
356
357
358
359
360
361
362
363
364
365
366
367
368
369
370
371
372
373
374
375
376
377
378
379
380
381
382
383
384
385
386
387
388
389
390
391
392
393
394
395
396
397
398
399
400
401
402
403
404
405
406
408
409
410
411
412
413
414
415
416
418
419
420
421
422
423
424
425
426
428
434
435
436
437
438
439
440
441
442
443
444
445
446
447
448
449
450
451
452
453
454
455
456
457
458
459
460
461
463
464
466
465
469
470
472
473
481
482
488
487
494
493
497
498
504
505
506
507
509
512
514
515
516
517
518
519
520
521
524
525
526
527
528
529
531
532
533
534
536
537
538
540
541
542
544
545
546
548
549
550
551
553
554
556
557
559
560
562
565
566
567
568
569
570
572
573
588
589
591
611
612
613
614
615
616
624
625
626
627
628
629
636
637
638
639
640
647
649
650
651
652
653
654
656
658
659
661
662
663
665
666
667
669
670
671
673
676
677
678
680
683
684
685
687
689
690
692
693
696
697
699
700
703
704
705
706
707
708
709
710
711
712
713
714
715
716
717
718
719
720
721
722
723
724
725
726
727
728
729
730
731
732
733
734
735
736
737
738
739
740
741
742
743
744
745
751
755
756
758
759
760
761
762
764
765
766
767
768
769
770
771
772
773
774
775
776
777
779
780
781
782
783
784
785
786
787
788
789
790
791
792
793
794
795
796
797
798
799
800
801
802
804
803
806
808
809
810
811
812
813
820
821
822
823
824
825
827
828
830
831
833
832
836
835
838
847
848
849
850
852
854
855
856
857
858
859
861
862
863
864
866
867
868
869
871
872
873
875
877
887
888
889
891
892
894
895
896
905
907
908
909
910
912
913
914
916
919
920
921
922
923
924
925
926
928
932
933
934
935
936
937
938
940
941
943
945
956
957
958
959
961
962
963
964
966
970
972
973
980
981
982
983
984
985
986
988
989
990
991
992
994
995
996
997
999
1000
1001
1002
1004
1006
1009
1012
1013
1014
1011
1017
1019
1022
1023
1025
1026
1021
1033
1034
1040
1041
1043
1044
1045
1046
1047
1048
1049
1051
1052
1053
1056
1058
1059
1061
1062
1063
1064
1065
1066
1067
1070
1071
1080
1081
1082
1083
1084
1086
1087
1088
1090
1091
1092
1093
1094
1095
1097
1099
1100
1101
1102
1104
1106
1108
1117
1119
1120
1121
1122
1123
1124
1126
1128
1130
1131
1133
1134
1135
1137
1138
1140
1141
1142
1144
1146
1147
1148
1149
1150
1151
1152
1153
1154
1156
1157
1158
1159
1160
1162
1164
1165
1167
1168
1170
1171
1172
1174
1175
1181
1182
1185
1184
1187
1193
1194
1197
1198
1201
1196
1203
1208
1209
1214
1215
1220
1221
1226
1227
1232
1233
1238
1239
1244
1245
1250
1251
1252
1253
1255
1260
1261
1267
1268
1274
1275
1280
1281
1287
1288
1289
1291
1296
1297
1302
1303
1308
1309
1314
1315
1320
1321
1326
1327
1333
1334
1339
1340
1345
1346
1351
1352
1357
1358
1364
1365
1367
1368
1370
1371
1372
1373
1375
1376
1380
1381
1379
1384
1386
1387
1394
1395
1396
1397
1399
1400
1401
1403
1404
1406
1407
代码覆盖率为：0.9358974358974359
