5
9
12
13
17
18
22
23
33
34
35
36
44
45
46
54
55
56
57
63
65
66
67
72
73
74
79
80
84
83
93
94
95
100
101
102
103
104
110
111
112
117
118
122
121
131
132
133
138
139
140
141
142
148
149
157
161
170
177
193
194
198
201
205
204
210
209
219
220
226
227
234
235
244
245
251
253
254
255
256
257
258
259
260
261
266
267
268
269
274
275
276
277
282
283
284
289
290
291
292
293
319
320
321
323
324
325
326
327
322
329
330
331
332
333
334
335
336
337
338
350
355
356
357
358
361
362
366
367
371
372
376
377
381
382
386
387
392
391
399
400
407
408
415
416
417
418
424
430
436
441
446
447
453
454
461
462
469
470
471
479
480
487
492
498
499
508
516
517
518
519
520
521
522
523
533
539
540
541
542
543
544
553
558
565
569
571
572
581
582
584
585
586
587
589
590
598
603
605
606
607
608
609
611
612
620
621
631
632
634
635
636
637
639
640
649
653
655
656
658
659
660
663
664
666
670
671
672
673
682
686
688
689
690
691
692
694
696
697
698
700
704
705
709
710
711
712
722
725
729
730
731
732
733
734
737
738
739
741
742
744
745
736
749
750
751
754
756
758
766
768
770
772
774
776
778
779
788
794
796
797
798
800
801
809
811
814
817
818
820
828
830
833
834
835
839
845
846
1
代码覆盖率为：0.8016085790884718
