2
3
4
5
6
8
9
10
12
13
14
15
20
22
23
24
29
30
31
32
33
34
35
37
38
39
40
41
42
43
44
45
47
48
50
55
56
57
58
60
61
63
64
68
70
71
72
73
74
75
77
80
79
84
83
87
88
91
92
95
96
97
100
101
102
105
106
107
109
110
111
112
113
116
117
118
120
121
124
125
132
133
134
135
136
137
138
139
140
141
144
143
148
147
152
153
155
156
159
161
162
164
165
168
169
172
173
174
175
176
177
178
179
180
181
182
183
186
185
189
191
192
194
195
197
199
200
201
203
205
206
209
210
214
220
233
234
236
238
239
243
245
247
251
253
255
256
257
258
259
260
261
263
265
267
269
294
297
296
301
300
305
304
309
308
312
313
323
324
325
326
327
328
329
331
332
333
334
335
336
337
339
340
342
343
344
345
346
348
349
351
352
354
356
357
359
361
363
365
369
370
371
373
375
376
377
378
382
385
386
387
384
391
392
393
396
397
398
401
402
411
412
415
416
419
420
422
423
425
426
428
429
432
433
436
438
439
441
444
448
449
451
452
458
459
461
463
466
467
468
469
473
475
476
477
479
480
481
482
483
486
487
488
489
491
492
494
496
498
499
500
502
503
506
508
1
代码覆盖率为：0.887459807073955
