9
13
17
18
21
22
24
30
32
33
36
42
43
44
46
52
53
54
56
63
64
65
71
72
78
79
87
89
94
95
96
97
98
100
101
102
103
105
106
108
109
110
111
112
114
115
117
118
120
121
122
123
125
126
127
128
130
131
132
133
135
136
137
140
142
143
144
145
146
152
153
154
156
157
158
159
160
164
165
166
167
168
170
171
173
174
176
177
178
179
181
182
183
184
186
188
189
191
192
193
194
201
204
206
207
208
211
212
214
216
217
218
225
226
227
228
229
230
232
233
234
235
239
241
242
243
246
249
255
256
257
258
260
261
263
264
265
266
270
272
274
275
276
277
278
281
282
284
286
287
289
290
291
292
300
301
303
304
306
307
308
309
311
314
315
313
318
319
320
324
323
330
331
332
333
335
336
337
338
340
341
342
343
345
347
348
350
352
353
354
355
356
358
360
362
363
365
366
367
368
370
375
373
377
378
379
383
384
385
387
389
390
391
392
393
397
398
400
402
403
405
406
407
408
411
412
414
415
416
419
420
422
424
425
426
427
428
432
433
435
436
437
440
441
443
445
446
447
448
449
452
453
455
457
458
460
461
462
463
467
468
469
470
474
475
477
478
479
485
486
487
491
492
494
496
497
498
499
500
503
504
506
508
509
511
512
513
514
520
521
523
524
525
3
代码覆盖率为：0.9607843137254902
