5
6
9
11
12
13
15
16
17
18
20
21
23
24
25
26
27
29
31
33
34
36
37
38
39
41
44
45
46
48
49
51
52
53
54
55
57
60
61
62
67
69
70
71
72
73
78
80
81
83
84
85
86
96
97
98
100
101
102
103
95
105
106
107
113
115
117
119
121
123
125
128
130
132
133
134
135
136
147
148
149
151
153
154
156
157
158
159
171
172
173
174
175
177
178
179
190
191
192
194
196
197
198
210
212
213
214
215
216
219
221
222
223
224
225
235
236
237
238
240
242
244
245
247
248
249
250
261
262
263
264
265
266
268
270
271
272
3
代码覆盖率为：0.9387755102040817
