7
12
13
14
20
21
22
28
29
30
36
37
38
43
44
45
46
47
49
50
52
53
54
55
56
58
59
61
62
64
65
66
67
69
70
71
72
74
75
76
77
79
80
82
83
84
85
86
89
91
92
93
94
95
98
100
101
103
104
105
106
112
113
114
115
116
125
124
127
129
130
132
133
134
135
142
141
150
151
153
155
156
157
162
166
167
169
170
172
173
174
175
177
179
180
181
183
184
185
186
188
189
191
192
193
196
197
199
200
202
203
205
206
207
208
210
212
213
214
216
217
218
219
220
222
226
227
232
233
231
236
237
238
241
242
244
246
247
248
249
250
253
255
257
258
259
262
263
265
267
268
270
271
272
273
276
277
281
282
286
288
290
291
292
295
296
298
299
301
303
304
305
308
309
311
313
314
315
316
317
320
321
322
324
326
327
329
330
331
332
340
342
343
344
345
348
349
350
353
354
356
357
358
361
362
363
365
367
368
369
370
371
374
375
376
377
378
380
382
383
385
386
387
388
396
401
402
404
406
407
408
411
412
414
416
417
418
419
420
423
424
426
428
429
430
433
434
435
437
439
440
441
442
443
446
447
448
449
450
453
455
456
458
459
460
461
465
466
467
468
470
471
472
475
476
477
478
480
481
482
485
486
487
490
492
493
494
495
496
499
501
502
504
505
506
507
2
代码覆盖率为：0.9488817891373802
