11
12
14
16
18
20
22
37
41
45
46
49
50
52
58
60
61
64
70
71
72
74
80
81
82
84
91
92
93
115
118
119
120
122
124
125
126
128
130
132
133
134
135
136
138
143
144
146
147
148
156
157
159
161
162
163
164
165
174
175
177
179
180
182
183
184
185
193
194
195
197
198
199
211
212
213
215
216
217
228
229
230
231
233
235
236
237
238
239
252
253
254
256
258
259
261
262
263
264
277
278
279
281
282
283
292
293
295
296
299
301
302
303
304
305
315
316
318
319
322
323
324
333
334
336
337
340
342
343
344
345
346
355
356
357
359
362
364
365
367
368
369
370
381
382
383
385
386
387
400
405
406
408
409
410
418
419
421
423
424
425
426
427
442
443
444
445
447
448
450
451
453
454
455
456
458
459
460
461
463
465
466
467
468
470
472
473
475
476
477
478
484
485
487
488
489
495
496
498
499
500
506
507
509
511
512
513
514
515
526
528
527
530
532
533
535
536
537
538
5
31
99
393
433
521
代码覆盖率为：0.9698275862068966
