10
11
12
13
15
20
22
23
24
25
26
27
28
29
31
33
18
35
36
37
39
43
44
45
47
42
49
51
52
53
54
55
57
60
61
62
65
67
68
69
70
71
74
76
77
79
80
81
82
85
86
87
90
91
92
95
97
98
99
100
101
104
106
107
109
110
111
112
118
117
120
122
123
125
126
127
128
132
133
135
136
137
141
142
143
144
145
146
147
148
149
152
153
154
158
159
160
161
162
163
164
165
166
167
168
169
172
174
175
176
177
178
182
183
185
187
190
191
192
193
194
195
196
197
198
199
200
201
202
203
204
205
207
211
213
216
220
222
223
225
226
227
228
232
234
236
238
242
243
244
253
241
258
260
264
265
266
271
270
276
277
279
281
282
283
284
285
289
292
293
294
298
299
301
303
304
305
306
307
311
312
314
316
317
319
320
321
322
326
327
328
331
332
333
3
代码覆盖率为：0.8986175115207373
