5
7
8
9
10
13
14
15
16
19
23
24
27
28
30
33
35
36
39
42
43
44
48
49
50
51
52
53
54
59
61
62
63
65
66
68
69
71
72
73
74
76
77
78
79
81
82
83
84
86
87
89
90
91
92
93
95
96
98
99
101
102
103
104
106
108
109
110
111
112
107
114
115
116
118
120
121
122
123
124
128
130
131
133
134
135
136
140
141
143
144
145
148
149
151
153
154
155
156
157
159
160
162
164
165
167
168
169
170
173
174
176
177
178
181
182
184
186
187
188
189
190
193
194
195
197
198
199
202
203
205
207
208
209
210
211
214
215
216
218
220
221
223
224
225
226
229
230
231
232
234
235
236
239
240
241
243
244
245
248
249
250
252
254
255
256
257
258
261
262
263
265
266
269
271
272
274
275
276
277
280
281
282
283
286
287
288
290
291
293
294
295
3
代码覆盖率为：0.965
