13
14
15
16
17
21
22
23
25
26
27
28
29
31
32
33
34
38
53
63
64
65
67
79
80
81
83
95
99
100
103
104
106
120
122
123
126
140
141
142
146
153
157
159
160
161
162
163
165
169
171
172
174
175
176
177
179
183
184
185
187
191
192
193
195
199
201
202
203
204
205
207
211
213
214
216
217
218
219
221
231
236
240
244
248
227
257
261
265
253
272
273
274
277
279
280
281
282
283
286
288
289
291
292
293
294
303
302
310
309
317
318
319
316
321
323
324
325
326
327
334
335
336
337
339
340
341
342
343
344
345
346
347
348
349
350
338
352
353
354
355
356
357
360
362
363
365
366
367
368
373
374
375
376
377
378
379
380
381
382
385
386
387
392
393
394
395
396
399
400
401
406
407
409
411
412
413
414
415
420
421
423
425
426
428
429
430
431
437
438
440
441
442
3
代码覆盖率为：0.9556650246305419
