5
6
7
8
11
13
14
15
16
17
20
22
23
25
26
27
28
32
33
34
36
37
38
39
41
42
44
45
46
47
48
50
51
53
54
56
57
58
59
61
62
63
64
66
68
69
70
72
73
75
76
77
78
79
81
84
86
87
89
90
91
92
94
97
98
100
101
102
103
105
106
108
109
111
113
114
96
116
117
118
122
123
124
126
132
133
134
139
141
143
144
145
146
147
151
152
153
154
156
163
164
165
166
171
173
174
175
178
180
181
183
185
187
188
189
190
191
194
195
196
198
200
202
203
205
206
207
208
211
212
214
215
216
221
222
223
224
225
228
229
230
234
235
236
238
240
241
242
243
244
248
249
250
251
253
255
256
258
259
260
261
265
266
268
269
270
3
代码覆盖率为：0.893048128342246
