6
8
11
14
17
20
23
26
29
32
35
38
41
42
43
44
45
46
50
51
52
53
54
75
77
78
79
80
81
82
83
87
89
90
91
92
93
94
95
99
101
104
107
110
113
116
125
127
128
129
131
135
136
137
139
143
147
148
151
152
154
158
160
161
164
168
169
170
174
176
181
184
188
190
193
196
199
202
205
208
211
218
222
224
226
228
229
235
239
243
246
249
250
253
257
258
259
261
262
264
266
265
270
271
256
275
276
280
281
285
286
290
291
295
296
300
301
305
306
310
311
313
315
317
319
321
325
326
330
331
332
333
334
338
340
341
343
344
345
346
350
351
353
354
356
361
362
363
367
368
370
371
373
378
379
380
384
385
387
389
390
391
394
395
399
400
401
402
403
404
408
409
411
413
414
416
417
418
419
423
424
425
427
428
429
433
434
436
437
438
442
443
444
445
447
448
449
453
454
455
457
459
461
462
464
466
468
470
471
472
473
474
478
479
480
481
482
483
487
490
491
493
498
500
501
503
504
505
506
510
511
512
513
514
515
516
517
521
522
524
526
528
530
531
532
536
537
538
539
540
541
545
547
550
551
556
557
558
561
562
563
564
565
566
567
571
572
577
579
580
581
582
583
586
590
592
595
597
598
600
601
602
603
607
608
609
610
611
612
613
617
618
619
622
623
624
628
629
630
631
632
633
634
635
639
640
641
642
643
646
647
648
652
654
653
658
659
660
664
665
666
670
671
672
676
679
681
682
683
684
685
688
690
691
693
694
695
696
700
703
702
705
707
708
709
710
711
715
714
719
720
722
723
724
727
728
730
732
733
735
736
737
738
741
742
744
745
746
749
750
753
754
755
758
759
762
764
765
766
767
768
772
775
776
777
780
781
782
786
789
788
791
793
794
796
797
798
799
803
802
807
808
810
811
812
815
816
818
819
820
823
824
826
828
829
830
831
832
835
836
839
841
842
844
845
846
847
850
851
854
855
856
860
862
864
865
866
867
868
873
875
876
878
879
880
881
885
889
888
891
893
894
895
896
897
901
902
904
905
906
911
910
917
916
922
923
926
928
929
930
931
932
936
937
940
942
943
945
946
947
948
952
954
955
960
953
962
963
964
967
968
969
971
972
973
3
代码覆盖率为：0.8841354723707665
