5
6
7
8
10
11
13
14
15
16
17
19
21
22
23
28
27
30
31
32
36
35
40
41
43
45
46
47
48
49
53
54
55
56
58
59
60
63
64
65
68
69
70
73
74
75
76
79
80
81
82
86
87
88
90
91
93
94
95
96
98
99
100
101
103
104
106
107
108
109
110
114
115
116
117
119
120
122
123
125
126
127
128
130
131
132
133
135
136
137
138
140
142
144
145
146
147
148
150
151
153
154
156
157
158
159
161
162
164
165
166
167
168
171
173
174
176
177
178
179
184
185
186
183
188
189
190
192
195
196
197
198
200
201
202
205
206
207
208
209
210
213
215
216
217
218
219
222
223
224
225
226
227
229
230
232
234
235
237
238
239
240
243
244
246
247
248
251
252
254
255
256
259
260
263
265
266
267
268
269
272
273
275
277
278
280
281
282
283
286
287
288
289
291
292
293
3
代码覆盖率为：0.9656862745098039
