6
7
9
10
12
13
14
15
17
19
20
21
26
25
28
29
30
34
33
38
39
41
43
44
45
46
47
52
62
63
64
66
78
79
80
82
94
98
99
102
103
105
119
121
122
125
139
140
141
145
148
149
150
152
154
155
156
158
160
161
162
164
165
167
168
169
170
171
173
176
178
179
181
182
183
184
186
187
188
189
191
192
193
194
196
198
200
201
202
203
204
206
207
209
210
212
213
214
215
217
218
219
220
222
225
226
224
231
232
234
235
230
238
239
240
243
244
245
246
248
249
252
254
255
257
258
259
260
264
265
266
268
269
271
272
273
276
277
278
282
283
285
286
292
293
294
301
302
304
305
306
313
314
316
318
319
320
321
322
337
338
340
342
343
345
346
347
348
352
351
362
364
365
366
367
368
376
378
379
381
382
383
384
400
401
403
404
407
408
409
417
418
420
421
422
428
429
431
433
434
435
436
437
441
442
444
446
447
449
450
451
452
463
464
465
467
468
469
472
473
475
474
478
480
481
482
483
484
491
492
494
495
496
506
507
508
510
512
513
514
515
516
531
532
533
534
536
538
539
541
542
543
544
559
560
561
563
564
565
582
583
584
586
587
588
620
621
623
624
627
629
630
631
632
633
649
650
651
653
656
658
659
661
662
663
664
673
674
675
677
678
679
3
代码覆盖率为：0.966996699669967
