8
18
19
20
22
34
35
36
38
50
54
55
58
59
61
75
77
78
81
95
96
97
106
107
108
109
111
112
113
114
116
119
120
121
126
125
128
129
130
134
133
139
140
142
143
144
148
149
151
152
154
156
157
158
159
160
164
167
168
173
175
177
178
179
180
181
183
184
186
187
189
190
191
192
194
195
196
197
199
201
202
203
205
206
208
209
210
211
212
214
215
217
218
220
221
222
223
225
227
229
230
231
232
233
236
238
239
241
242
243
244
247
248
249
252
253
254
257
259
260
261
262
263
266
268
269
271
272
273
274
281
280
283
284
285
288
290
292
296
299
301
302
304
305
306
307
311
313
314
315
316
318
319
320
330
331
333
334
335
338
340
342
344
345
346
347
348
351
353
355
357
358
360
361
362
363
366
367
368
370
372
377
378
379
382
383
386
387
388
391
392
393
394
395
398
400
401
402
403
404
407
409
410
411
414
416
417
419
420
421
422
425
426
427
428
429
430
433
434
435
438
439
441
443
444
445
446
447
450
451
452
455
456
457
460
461
463
464
469
470
474
476
477
478
479
481
482
484
486
487
488
489
490
493
495
498
499
501
503
504
506
507
508
509
512
513
514
515
518
519
521
522
526
527
528
530
531
532
535
536
537
538
539
2
代码覆盖率为：0.9161290322580645
