18
28
29
30
32
44
45
46
48
60
64
65
68
69
71
85
87
88
91
105
106
107
116
120
125
134
143
159
170
211
214
216
217
218
219
220
222
224
225
226
228
230
232
233
235
236
237
238
240
245
246
248
250
251
253
254
255
256
262
263
265
266
267
278
279
280
282
283
284
290
291
293
295
296
297
298
299
309
310
311
313
315
316
318
319
320
321
336
337
338
339
341
342
343
358
359
360
362
364
365
366
367
368
385
386
387
389
390
391
408
409
410
412
413
416
418
419
420
421
422
434
435
437
438
441
443
444
446
447
448
449
463
464
466
467
470
471
472
488
489
490
492
495
496
497
506
507
508
510
512
513
514
515
516
523
524
525
526
528
529
530
531
533
534
536
537
538
539
540
542
549
550
551
552
554
556
557
559
560
561
562
568
569
571
572
573
580
581
583
584
585
600
601
603
605
606
607
608
609
613
615
614
617
619
620
622
623
624
625
3
代码覆盖率为：0.967741935483871
