6
8
9
10
16
19
20
21
27
29
30
31
33
34
36
37
38
39
40
42
44
45
46
52
53
54
57
59
60
61
62
63
66
68
69
71
72
73
76
77
78
79
82
84
85
87
88
89
90
93
94
95
98
99
100
103
104
105
108
109
110
115
116
118
120
121
122
123
124
127
128
130
132
133
135
136
137
138
141
142
144
145
146
149
150
152
153
154
166
170
171
172
169
180
181
183
184
186
188
187
191
193
195
196
197
198
199
207
208
210
211
212
218
224
226
227
229
230
231
232
245
249
250
251
252
253
254
255
257
258
259
260
261
262
267
269
271
272
274
275
276
277
279
281
283
284
285
286
287
293
294
297
298
299
304
305
307
309
310
311
312
313
320
322
323
324
326
332
335
337
330
343
345
347
348
349
352
353
355
357
358
359
360
361
364
365
367
369
370
372
373
374
375
385
387
389
390
392
393
394
395
399
400
401
402
406
407
411
412
413
417
418
424
425
426
431
433
436
438
439
440
443
445
448
450
452
453
454
455
456
459
461
464
466
468
469
471
472
473
474
3
代码覆盖率为：0.9233716475095786
