6
8
10
11
13
14
15
16
22
25
27
28
30
31
32
33
39
41
42
43
45
46
47
48
50
52
53
54
60
61
62
65
66
67
70
72
73
75
76
77
80
81
82
83
86
88
89
90
91
92
95
96
97
100
101
102
105
106
107
110
112
113
115
116
117
118
123
124
126
127
128
131
132
134
135
136
139
140
142
144
145
146
147
148
151
152
154
156
157
159
160
161
162
169
171
172
173
176
178
179
180
181
182
188
192
193
194
197
201
202
203
215
219
220
221
218
229
230
232
233
235
237
236
240
242
244
245
246
247
248
256
257
259
260
261
267
273
275
276
278
279
280
281
294
298
299
300
301
302
303
304
306
307
308
309
310
311
316
318
320
321
322
323
324
326
332
335
337
330
343
345
347
348
349
352
353
355
357
358
359
360
361
364
365
367
368
369
380
382
384
385
387
388
389
390
394
395
396
397
400
401
402
406
408
411
414
418
419
425
427
428
429
430
431
436
438
441
443
445
446
448
449
450
451
454
456
459
461
462
463
466
468
471
473
474
475
478
480
483
485
487
488
489
490
491
3
代码覆盖率为：0.917910447761194
