9
10
11
13
14
15
16
17
19
20
21
22
24
25
27
28
30
31
32
33
37
38
39
40
42
43
44
45
47
48
50
51
52
53
54
61
62
64
65
67
68
69
70
72
73
74
75
77
78
79
80
82
84
86
87
88
91
92
94
95
97
98
100
101
102
103
105
107
108
109
111
113
114
115
117
127
128
129
126
131
133
134
136
137
138
139
143
144
146
147
148
153
154
155
157
159
161
162
163
167
168
169
171
172
175
177
179
181
182
183
184
185
188
189
191
193
194
196
197
198
199
202
203
205
206
207
211
212
214
215
217
219
221
222
223
224
225
230
231
232
233
235
240
242
243
244
245
246
248
251
253
254
256
257
258
259
261
264
265
266
268
270
271
272
274
276
278
279
280
281
282
284
285
286
288
290
291
293
294
295
296
298
299
300
301
303
306
307
308
310
314
313
318
320
321
323
324
325
326
332
333
334
335
337
338
339
343
344
346
348
349
350
351
352
356
357
359
361
362
364
365
366
367
373
374
376
377
378
383
384
385
386
387
388
389
391
394
395
396
400
402
403
405
407
410
412
415
416
418
423
427
429
430
431
432
433
437
438
440
442
443
445
446
447
448
453
454
455
456
459
460
461
465
466
467
469
470
471
474
475
476
478
480
481
482
483
484
3
代码覆盖率为：0.9632107023411371
