5
7
9
10
12
13
14
15
17
18
19
20
22
23
24
25
27
29
30
31
34
36
37
38
39
40
43
45
46
48
49
50
51
54
55
56
62
63
64
60
68
69
70
73
75
77
78
79
82
84
86
88
89
90
91
92
97
95
103
101
109
107
113
115
117
118
119
122
124
126
128
129
131
132
133
134
137
139
141
142
143
146
148
150
151
152
155
157
159
161
162
163
164
165
168
170
172
174
175
177
178
179
180
183
185
187
188
189
192
194
196
198
199
200
203
205
207
209
211
212
213
214
215
218
221
223
225
226
228
229
230
231
234
237
239
240
241
245
247
249
250
251
252
253
255
256
258
259
261
262
263
264
266
268
269
270
273
275
276
277
278
279
282
284
285
287
288
289
290
294
296
298
300
301
302
303
304
307
309
311
312
313
316
318
320
321
325
327
328
329
330
331
334
336
337
339
340
342
343
347
349
350
352
353
354
355
358
360
362
363
367
368
369
3
代码覆盖率为：0.9184549356223176
