6
7
8
9
11
12
13
15
16
17
19
20
21
25
26
27
28
29
30
31
32
33
34
35
36
43
44
45
46
47
48
50
51
52
55
56
59
60
61
62
68
69
70
71
76
77
78
80
81
82
84
86
87
92
91
94
95
99
98
103
104
106
107
108
109
111
112
114
115
117
119
120
121
126
129
130
132
133
134
135
136
138
139
141
142
143
145
146
147
148
150
151
152
153
155
158
159
160
161
163
164
165
166
167
168
170
172
179
180
181
182
183
178
187
188
189
191
192
193
194
201
202
204
205
212
213
215
216
217
218
227
228
229
231
233
234
235
236
237
239
251
252
254
256
257
258
270
271
272
273
275
277
278
279
292
293
295
296
304
305
307
308
310
311
318
319
321
322
329
330
332
333
3
代码覆盖率为：0.9010416666666666
