9
13
17
18
21
22
24
30
32
33
36
42
43
44
46
52
53
54
56
63
64
65
71
72
78
79
87
89
94
95
96
97
99
100
101
103
104
105
106
107
109
110
112
113
114
116
117
118
119
121
122
123
124
126
127
128
129
130
132
133
136
137
138
139
145
146
147
148
149
150
151
153
157
158
159
160
161
162
163
164
165
166
167
168
175
176
183
186
187
188
189
190
192
194
196
197
198
205
206
207
208
209
210
212
213
214
215
219
221
222
224
227
233
234
235
236
238
239
241
242
243
244
248
250
251
254
255
257
258
266
267
268
269
270
273
274
272
277
278
282
281
288
289
290
291
298
299
300
301
308
309
310
311
313
314
316
317
319
321
322
324
329
327
331
332
336
337
338
340
341
342
343
347
348
350
352
353
354
357
358
360
361
362
364
365
366
367
370
371
373
374
378
379
381
382
383
384
387
388
390
391
392
393
394
396
399
400
402
403
404
407
408
409
410
419
420
422
423
428
429
430
434
435
437
438
441
442
444
445
451
452
454
455
3
代码覆盖率为：0.896551724137931
