5
7
9
10
13
14
16
19
21
22
24
27
28
29
31
34
35
36
38
41
42
43
47
48
50
52
54
56
58
67
70
71
72
73
74
75
76
83
84
85
87
88
89
90
91
93
96
97
99
100
103
104
106
107
108
109
112
113
114
116
118
119
120
123
124
125
126
128
129
130
132
133
134
135
138
139
140
142
143
146
147
149
150
151
152
155
156
158
159
160
161
162
164
167
168
169
170
173
174
175
177
178
180
181
185
186
187
195
196
197
199
202
203
205
206
208
209
212
213
217
218
219
220
221
223
225
226
227
228
230
231
237
238
240
241
247
248
250
251
257
258
260
261
262
263
267
268
269
271
272
278
277
280
281
3
代码覆盖率为：0.9117647058823529
