7
12
13
14
20
21
22
28
29
30
36
37
38
43
44
45
46
47
48
49
51
52
53
55
56
57
59
60
61
63
64
65
66
67
70
71
74
75
81
82
83
85
86
87
96
95
98
100
101
102
109
108
117
118
120
122
123
124
126
127
128
129
134
138
139
140
141
143
144
146
147
148
150
152
153
154
156
157
158
159
161
162
163
164
165
167
168
169
170
171
172
174
176
177
178
179
180
182
183
184
191
192
193
194
195
202
206
207
212
213
211
216
217
218
219
222
223
225
226
227
228
229
231
234
236
238
239
241
242
244
245
246
248
249
253
254
258
260
262
263
264
272
273
275
276
278
280
281
283
284
286
287
290
291
292
294
295
303
305
306
307
308
311
312
315
316
318
319
322
323
324
326
327
328
329
332
333
334
335
336
338
340
341
342
350
355
356
358
360
361
362
364
365
366
367
370
371
373
374
377
378
380
382
383
384
385
388
389
390
392
393
394
395
396
398
401
402
403
404
405
408
409
410
413
414
415
416
418
419
420
428
429
430
431
433
434
436
437
440
441
442
443
446
447
2
代码覆盖率为：0.8876811594202898
