6
7
8
9
11
12
13
15
16
17
18
20
21
22
23
25
26
27
28
30
31
32
34
35
37
38
46
47
48
50
53
52
55
56
60
59
64
65
67
68
72
73
77
79
80
82
83
84
85
86
88
89
91
92
93
95
96
97
98
100
101
102
103
105
107
108
109
110
112
113
114
115
116
117
119
121
123
124
128
129
130
131
135
136
141
142
143
144
146
147
148
149
152
153
154
155
158
160
161
162
165
166
167
169
170
171
173
174
175
176
180
181
182
183
185
186
190
191
193
195
196
197
198
202
203
204
205
206
209
210
211
212
213
215
225
226
227
229
230
231
233
234
235
236
243
245
246
247
248
249
251
254
255
256
257
253
260
261
263
270
271
273
274
275
279
280
278
267
283
284
285
287
288
289
290
291
294
295
296
304
305
313
314
317
318
319
321
323
324
327
328
329
330
332
334
335
338
339
341
342
3
代码覆盖率为：0.8933333333333333
