19
21
22
23
26
27
28
31
32
33
36
37
38
43
46
47
48
57
59
60
61
62
63
64
66
67
68
70
71
72
74
75
76
78
79
80
81
82
84
85
88
89
101
103
104
106
107
108
117
119
120
122
123
124
125
130
129
132
133
134
136
137
138
139
143
142
147
148
150
151
152
153
156
157
159
160
162
163
164
165
166
168
178
183
184
185
186
187
188
190
191
192
194
195
196
197
199
200
201
202
204
207
211
212
213
214
215
217
218
219
220
221
222
224
226
227
228
229
230
231
232
234
235
236
238
239
240
241
242
244
245
247
248
249
251
252
253
254
256
257
258
259
261
262
263
264
265
267
268
269
270
271
272
274
276
277
278
279
280
281
282
283
290
291
292
293
300
302
303
313
314
315
316
317
318
319
320
321
322
323
324
325
311
332
333
335
337
339
341
343
344
345
346
347
348
350
352
353
354
355
357
359
360
361
364
368
369
373
374
376
377
381
383
384
385
395
396
399
400
402
403
404
407
409
410
412
414
415
417
419
421
424
425
428
429
431
432
436
437
439
440
443
444
446
447
452
455
457
458
462
463
464
466
467
468
469
473
474
475
476
478
480
481
482
489
490
492
493
494
496
497
498
499
506
507
509
510
519
521
522
524
526
529
532
535
536
537
538
550
551
553
555
556
557
558
559
561
574
575
576
577
578
579
581
583
585
586
587
594
595
597
598
599
613
614
616
617
619
620
626
627
629
630
637
638
640
641
3
代码覆盖率为：0.9111111111111111
