9
14
15
16
18
19
20
26
27
28
34
35
36
42
43
44
45
55
56
57
58
59
61
67
66
69
71
72
73
80
79
87
88
89
91
92
93
95
96
97
98
102
104
105
106
107
108
111
112
113
115
116
117
118
119
121
124
125
126
128
129
135
138
140
142
143
144
147
149
151
153
154
155
167
168
169
172
173
174
175
176
179
180
182
183
184
187
188
190
191
192
195
196
198
199
200
203
204
206
207
208
211
212
213
214
216
217
218
221
223
224
225
227
228
229
232
233
234
236
237
238
239
241
242
243
246
247
249
250
251
254
255
256
257
259
260
261
264
265
266
267
268
270
272
273
274
277
278
279
280
281
282
285
286
287
294
295
296
299
300
301
302
303
306
307
309
310
311
314
315
317
318
319
322
323
325
326
327
330
331
333
334
335
338
339
340
341
343
344
345
348
349
3
代码覆盖率为：0.9554455445544554
