28
30
31
33
35
36
41
40
43
44
45
46
47
49
53
52
57
58
61
62
70
72
73
75
77
78
83
82
87
88
89
92
93
94
102
104
106
107
115
117
119
120
121
122
123
124
127
128
129
137
138
139
140
141
142
145
146
165
167
168
170
171
173
174
175
176
177
179
180
182
183
184
186
187
188
189
191
192
193
194
196
203
204
207
208
209
210
213
214
219
220
221
222
223
229
230
231
232
233
218
235
236
239
240
241
244
245
246
247
250
251
253
254
257
258
259
261
262
265
266
267
268
271
272
274
275
278
280
281
282
285
286
288
289
290
291
292
294
302
303
304
306
307
308
309
312
313
314
315
316
318
326
327
335
337
338
339
340
344
343
348
349
353
354
355
359
360
361
375
377
378
379
380
382
385
386
387
388
384
395
396
397
398
399
401
404
405
407
408
409
411
412
413
414
415
416
418
419
420
428
429
430
431
432
434
435
441
442
446
447
3
代码覆盖率为：0.8053435114503816
