3
4
5
6
8
9
10
12
13
14
15
16
18
19
21
22
23
27
28
30
31
32
33
34
37
39
40
43
45
46
49
51
52
53
58
61
62
66
68
69
70
72
74
75
76
78
79
80
81
83
85
86
87
88
90
92
93
94
95
96
98
100
103
104
105
106
107
108
109
110
111
112
113
102
117
118
119
120
116
124
125
126
127
129
130
131
133
134
135
136
140
141
142
144
145
146
147
149
150
151
158
160
161
162
164
165
167
169
170
172
175
174
179
180
181
182
184
185
188
189
190
191
192
193
195
196
197
198
201
202
203
205
207
208
209
210
211
213
216
218
219
220
221
223
226
227
228
230
231
232
233
234
235
236
237
238
242
243
244
245
246
249
251
252
253
261
262
263
264
265
266
270
271
272
276
278
279
282
284
286
288
287
290
292
293
298
299
300
301
306
307
308
327
328
330
335
336
343
344
345
365
367
368
370
371
373
374
376
378
379
380
381
382
383
384
385
387
389
390
393
394
396
398
399
400
401
403
404
407
409
410
411
415
416
418
420
421
422
426
427
431
432
434
435
437
440
442
443
446
447
448
449
452
454
456
458
459
463
464
466
467
470
471
473
474
475
476
1
代码覆盖率为：0.8758169934640523
