6
7
8
9
10
13
12
15
17
18
19
23
22
27
28
30
31
32
34
35
36
37
42
43
44
45
53
54
57
58
59
62
63
64
65
68
71
72
73
74
75
77
82
83
84
85
86
87
88
89
90
91
92
93
100
101
102
103
104
105
107
108
109
111
112
113
122
126
130
131
134
135
137
143
145
146
149
155
156
157
159
165
166
167
169
176
177
178
186
189
190
191
198
199
200
201
208
209
210
211
212
213
215
216
217
219
220
221
223
224
225
227
229
230
231
232
234
236
237
240
241
244
245
248
249
252
253
254
255
258
259
264
265
266
267
268
269
270
271
272
273
274
263
278
279
277
284
283
290
289
300
302
303
315
316
317
318
321
322
323
324
339
340
341
342
343
344
345
346
347
348
351
353
354
355
369
370
371
372
373
376
378
379
380
381
382
383
384
385
386
387
388
390
392
394
395
396
398
399
400
401
413
414
415
416
417
420
422
423
425
426
438
439
440
443
445
446
447
448
450
452
454
455
456
457
469
470
471
474
476
477
479
480
481
482
484
486
487
488
489
490
492
503
504
506
507
513
514
515
518
519
520
521
522
524
517
528
529
531
534
537
539
542
548
549
550
3
代码覆盖率为：0.8612903225806452
