11
12
14
16
18
20
22
37
41
45
46
49
50
52
58
60
61
64
70
71
72
74
80
81
82
84
91
92
93
115
118
119
120
122
123
124
125
127
129
130
131
132
134
136
137
138
139
140
142
144
149
150
152
153
160
161
163
164
173
174
176
177
185
186
187
189
190
202
203
204
206
207
218
219
220
221
223
224
225
226
239
240
241
243
245
246
247
260
261
262
264
265
266
268
269
270
271
280
281
283
284
287
288
298
299
301
302
305
306
307
308
317
318
320
321
324
325
326
327
328
330
339
340
341
343
346
347
348
358
359
360
362
363
364
382
387
388
390
391
398
399
401
402
417
418
419
420
421
422
423
424
425
426
427
434
436
437
438
439
441
442
448
449
451
452
458
459
461
462
468
469
471
472
473
474
485
487
486
489
490
5
31
99
375
408
480
代码覆盖率为：0.9253731343283582
