20
30
31
32
34
46
47
62
63
64
66
78
82
83
86
87
89
103
104
121
123
124
127
141
142
159
160
161
171
180
181
182
183
184
185
186
187
188
189
190
191
192
193
194
195
196
197
179
201
202
203
200
207
208
206
215
217
218
219
221
222
223
224
226
227
228
229
231
232
233
234
235
237
238
239
240
241
242
244
246
249
250
251
252
255
256
258
260
261
263
264
265
266
267
269
270
272
273
274
276
277
278
279
281
282
283
284
286
287
288
289
290
292
293
294
295
296
297
299
301
302
303
304
305
306
307
308
315
316
317
318
325
326
327
328
330
331
333
334
335
337
338
339
341
342
343
345
346
347
348
349
351
364
365
366
367
368
370
372
373
374
384
383
386
387
388
390
391
392
393
402
401
407
406
415
416
417
419
420
421
422
425
426
427
428
429
431
434
435
436
437
438
440
443
444
446
447
449
450
451
452
453
454
455
456
458
459
461
462
463
465
466
467
468
469
470
472
474
475
476
477
478
480
483
484
485
486
488
492
493
494
502
503
504
505
507
509
510
511
512
513
515
518
519
520
521
522
523
524
525
526
527
529
533
534
536
537
538
540
541
542
544
545
546
549
550
553
554
556
557
555
559
561
562
565
566
568
569
567
571
573
574
577
578
580
581
579
583
585
586
589
590
591
592
593
594
595
596
598
599
600
601
602
603
604
605
606
607
608
609
610
611
612
613
614
615
616
623
627
628
629
641
642
643
644
645
647
648
649
650
653
654
655
656
657
658
660
661
662
663
664
665
666
667
668
669
670
673
675
676
677
680
681
682
683
684
685
686
687
688
689
690
691
692
693
694
695
696
697
699
702
703
704
706
707
708
709
712
713
714
715
716
717
720
721
724
725
726
727
728
729
732
733
734
735
738
739
747
748
749
750
751
753
756
757
758
759
773
774
775
777
778
779
781
782
783
791
792
793
794
795
796
797
798
799
800
801
811
812
814
815
816
817
818
819
820
821
822
823
824
834
835
838
839
840
841
842
843
844
845
846
847
848
858
859
862
864
865
863
869
870
871
872
873
874
868
904
905
906
907
908
903
912
913
916
918
919
917
922
923
926
928
929
930
931
932
933
927
962
963
964
965
968
970
971
972
973
974
969
978
979
5
167
代码覆盖率为：0.8022328548644339
