10
11
12
13
20
25
27
28
29
30
31
32
33
34
36
38
23
40
41
42
46
47
48
50
45
52
53
55
58
59
61
62
65
66
69
70
73
74
77
78
79
80
83
84
90
89
92
93
97
98
100
101
105
106
107
108
109
110
111
112
113
116
117
121
122
123
124
125
126
127
128
129
130
131
132
135
136
137
138
142
143
145
147
150
151
152
153
154
155
156
157
158
159
160
161
162
163
164
165
167
171
173
176
180
182
183
184
188
190
192
194
198
199
200
209
197
214
216
220
221
222
224
225
226
227
232
231
237
238
240
241
245
248
249
250
251
255
256
258
259
260
261
262
264
268
269
271
272
273
276
277
278
281
282
283
3
代码覆盖率为：0.8432432432432433
