5
7
8
9
10
13
14
15
16
19
23
24
27
28
30
33
35
36
39
42
43
44
48
49
50
51
52
53
54
59
61
62
63
64
65
66
67
68
69
70
77
78
79
80
81
82
84
85
86
88
90
91
92
93
94
89
96
97
99
100
101
102
106
107
111
112
114
115
118
119
121
122
123
124
126
127
129
131
132
133
136
137
139
140
141
143
144
145
146
149
150
152
153
156
157
158
160
161
162
163
166
167
169
170
171
172
173
175
178
179
180
182
183
184
186
187
188
189
191
192
193
201
202
203
205
206
208
209
210
212
213
216
217
218
220
221
224
225
228
229
230
231
234
235
237
238
240
241
3
代码覆盖率为：0.9141104294478528
