5
6
7
8
9
10
11
17
18
19
20
22
23
24
27
28
29
32
33
34
37
38
39
40
43
44
45
46
50
51
52
53
55
56
57
58
60
61
62
68
67
70
71
76
75
81
82
84
86
87
93
95
96
97
98
100
101
102
103
104
105
107
109
110
111
112
113
115
116
117
118
120
121
124
125
127
128
131
132
134
135
136
137
140
141
143
145
146
147
151
154
155
157
158
159
161
163
164
165
166
168
169
171
172
173
175
176
177
178
180
181
182
183
185
186
187
188
189
191
192
193
194
195
196
198
200
201
202
203
204
205
206
207
214
215
216
219
220
223
224
225
226
229
230
235
236
237
244
245
246
247
250
249
252
253
254
256
257
258
259
262
263
265
266
267
268
271
272
274
275
276
277
278
280
283
284
286
287
289
290
291
292
294
295
296
297
298
299
300
302
303
304
312
313
314
318
320
327
328
329
333
337
339
340
343
346
351
358
361
366
368
369
371
373
372
376
377
380
381
382
384
386
387
390
391
392
393
397
399
404
405
406
409
413
415
416
419
422
427
434
437
438
443
445
446
449
450
451
453
455
456
459
460
461
463
465
466
467
468
471
472
473
476
478
479
480
483
484
486
487
488
490
491
492
493
496
497
498
499
500
503
504
507
508
509
510
512
513
514
515
518
519
521
523
524
525
526
527
529
532
534
536
537
538
540
542
544
545
546
554
556
558
559
561
563
565
566
3
代码覆盖率为：0.8808864265927978
