5
6
7
8
9
10
11
17
18
19
20
22
23
24
27
28
29
32
33
34
37
38
39
40
43
44
45
46
50
52
53
55
56
57
58
59
61
62
64
65
66
68
70
71
72
73
75
76
79
80
82
83
86
87
89
90
93
94
96
97
101
104
105
106
108
109
110
111
113
114
115
116
117
119
121
122
123
124
125
127
129
130
131
132
133
134
135
136
137
138
139
146
147
148
149
152
151
154
155
156
157
160
161
163
165
166
167
170
171
173
174
175
177
178
179
180
183
184
186
187
190
191
192
193
195
196
197
198
201
202
203
205
206
208
209
211
215
217
218
219
220
221
223
226
228
227
231
232
233
235
236
237
239
241
242
243
251
252
253
254
256
258
259
261
262
264
269
271
272
274
275
276
278
280
281
284
285
286
288
290
291
294
295
296
299
300
303
304
306
307
310
311
312
313
314
317
318
319
320
323
324
325
326
328
329
3
代码覆盖率为：0.911504424778761
