13
14
15
16
17
19
20
21
22
26
27
28
29
31
32
33
34
35
39
54
64
65
66
68
80
81
82
84
96
100
101
104
105
107
121
123
124
127
141
142
143
147
154
158
159
161
165
166
168
172
173
175
179
180
182
186
187
188
189
191
195
197
198
199
201
211
216
220
224
228
207
237
241
245
233
252
253
256
257
258
259
262
263
272
271
279
278
286
287
288
285
290
291
292
293
294
296
303
304
305
306
308
309
310
311
312
313
314
315
316
317
318
319
307
321
322
323
324
325
326
329
330
331
335
336
337
338
339
340
341
342
343
344
347
348
349
359
360
361
362
363
366
367
371
372
374
375
380
381
383
384
390
391
393
394
3
代码覆盖率为：0.9230769230769231
