6
8
11
14
17
20
23
26
29
32
35
38
41
42
43
44
45
46
50
51
52
53
54
75
77
78
79
80
81
82
83
87
89
90
91
92
93
94
95
99
101
104
107
110
113
116
125
127
128
129
131
135
136
137
139
143
147
148
151
152
154
158
160
161
164
168
169
170
174
176
181
184
188
190
193
196
199
202
205
208
211
218
222
224
226
228
229
235
239
243
246
249
250
253
257
258
259
261
262
264
266
265
270
271
256
275
276
280
281
283
285
286
287
291
292
294
295
296
298
299
300
301
305
306
308
309
310
311
315
316
318
319
320
321
322
324
328
329
331
332
333
336
337
339
340
344
345
347
349
351
353
355
357
358
362
363
365
366
367
368
372
373
374
375
376
380
382
383
384
388
389
391
392
394
399
400
401
403
404
405
406
410
411
413
414
416
421
422
423
424
428
429
431
432
433
434
435
437
441
442
443
444
445
446
450
451
453
454
455
458
459
460
462
463
464
473
474
476
477
478
487
488
489
490
492
493
496
497
498
500
502
504
505
507
509
511
512
516
517
518
519
520
521
525
528
529
531
536
537
541
542
543
544
545
546
547
548
552
553
555
557
559
561
562
566
567
568
569
570
571
575
577
580
581
586
587
590
591
592
593
594
595
596
600
601
606
607
608
609
612
616
618
621
623
624
625
629
630
631
632
633
634
635
639
640
641
644
645
646
648
649
650
651
655
656
657
658
659
660
661
662
666
667
668
669
670
673
674
675
676
680
682
681
686
687
688
692
693
694
698
699
700
704
707
708
711
712
716
719
718
721
722
723
724
725
727
731
730
735
736
738
739
741
742
744
745
746
748
749
751
752
753
761
762
765
766
768
769
772
773
777
780
781
784
785
789
792
791
794
795
799
798
803
804
806
807
810
811
813
814
817
818
820
821
822
823
826
827
830
832
833
834
837
838
841
842
843
845
846
847
848
852
854
855
856
857
862
863
867
871
870
873
874
878
879
881
882
883
884
889
888
895
894
900
901
904
905
906
907
908
910
914
915
918
919
920
923
925
926
931
924
933
934
935
943
944
945
947
948
3
代码覆盖率为：0.852994555353902
