6
7
8
9
10
12
13
18
17
20
21
22
23
27
26
31
32
34
35
36
37
38
40
45
55
56
57
59
71
72
73
75
87
91
92
95
96
98
112
114
115
118
132
133
134
138
141
142
143
150
152
153
154
161
163
164
165
166
167
169
172
173
175
176
177
179
180
181
183
185
186
187
188
190
191
193
194
195
197
198
199
200
202
203
204
205
207
210
211
209
216
217
219
220
215
223
224
226
227
228
229
231
232
235
236
237
240
241
242
244
245
247
248
249
252
253
254
258
259
261
262
268
269
270
282
283
285
286
292
293
295
296
311
312
314
315
319
318
329
330
331
332
340
341
357
358
360
361
364
365
373
374
376
377
383
384
386
387
388
389
393
394
396
398
399
400
411
412
413
415
416
417
419
420
421
422
425
426
428
427
431
432
439
440
442
443
444
445
455
456
457
459
460
461
462
463
465
480
481
482
483
485
486
487
501
502
503
505
506
507
529
530
531
533
534
565
566
568
569
572
573
589
590
591
593
596
597
606
607
608
610
611
3
代码覆盖率为：0.9066147859922179
