8
18
19
20
22
34
35
36
38
50
54
55
58
59
61
75
77
78
81
95
96
97
106
107
108
109
116
117
118
119
122
123
127
126
129
130
131
133
134
135
136
140
139
145
146
148
149
150
151
155
156
158
159
161
162
163
164
165
167
171
174
175
180
182
183
185
186
187
189
190
191
193
195
196
198
199
200
201
202
204
205
207
208
209
211
213
214
217
218
221
222
225
226
229
230
231
232
235
236
243
242
245
246
248
250
252
256
259
260
261
264
266
267
268
269
271
272
273
288
289
291
292
294
296
298
299
302
304
306
307
310
311
312
314
316
321
322
325
326
329
330
333
334
335
336
337
340
341
342
343
346
348
349
350
353
355
356
357
360
361
362
363
364
365
368
369
370
372
373
374
375
378
379
381
382
385
386
387
390
391
392
393
396
397
399
400
405
406
410
412
413
414
415
417
418
420
421
422
423
424
426
429
431
434
435
437
438
439
441
442
443
444
447
448
450
451
455
456
457
459
460
461
469
470
471
472
473
2
代码覆盖率为：0.8603773584905661
