23
24
25
26
28
30
31
32
34
35
36
38
39
40
42
43
44
45
47
48
49
51
52
53
54
56
57
58
60
61
62
63
64
66
75
76
77
78
79
80
81
82
83
84
85
86
93
94
95
96
97
98
100
101
102
105
106
109
110
111
112
123
124
125
126
134
135
136
137
144
145
146
147
154
156
157
162
161
164
165
169
168
173
174
176
177
178
179
181
182
184
185
187
189
190
191
200
201
202
203
204
205
207
208
209
211
212
213
215
217
218
220
221
222
223
224
226
233
234
235
236
237
232
240
241
242
244
245
246
247
254
255
257
258
265
266
268
269
270
271
280
281
282
284
286
287
288
289
290
292
304
305
307
309
310
311
323
324
325
326
328
330
331
332
345
346
348
349
357
358
360
361
363
364
371
372
374
375
382
383
385
386
3
代码覆盖率为：0.8840579710144928
