18
28
29
30
32
44
45
46
48
60
64
65
68
69
71
85
87
88
91
105
106
107
116
120
125
134
143
159
170
211
214
215
216
217
218
220
222
224
225
226
228
229
230
231
236
237
239
240
246
247
249
250
261
262
263
265
266
272
273
275
276
277
278
288
289
290
292
294
295
296
311
312
313
314
316
317
318
320
321
322
323
338
339
340
342
343
360
361
362
364
365
366
367
384
385
386
388
389
392
393
394
395
396
398
410
411
413
414
417
418
419
432
433
435
436
439
440
441
462
463
464
466
469
470
478
479
480
482
483
490
491
492
493
500
501
502
503
504
505
507
514
515
516
517
519
520
526
527
529
530
537
538
540
541
556
557
559
560
561
562
566
568
567
570
571
3
代码覆盖率为：0.9171270718232044
