5
6
7
8
9
11
12
13
14
15
16
18
20
22
23
28
27
30
31
35
34
39
40
42
43
44
45
49
50
51
52
54
55
56
59
60
61
64
65
66
69
70
71
72
75
76
77
78
82
83
84
86
87
88
90
91
92
93
95
96
97
98
100
101
102
106
107
108
109
110
111
112
113
114
115
116
123
124
125
126
128
129
131
132
133
135
136
137
138
139
142
143
148
149
150
147
152
153
155
158
159
160
161
163
164
165
166
169
170
171
172
173
176
177
178
179
180
182
185
186
187
188
189
190
192
193
195
196
197
199
200
202
203
204
212
213
215
216
218
219
222
223
226
227
229
230
233
234
235
236
238
239
3
代码覆盖率为：0.9107142857142857
