6
8
9
15
18
19
20
21
27
29
30
32
33
34
35
36
38
40
41
47
48
49
52
53
54
55
56
58
61
63
64
66
67
69
70
71
72
75
76
77
79
80
81
84
85
86
94
95
96
99
100
104
105
107
108
111
112
114
115
118
119
121
122
125
126
128
129
141
145
146
147
144
155
156
158
159
161
163
162
166
168
169
170
171
179
180
182
183
184
190
196
198
199
200
213
217
218
219
220
221
222
223
225
226
227
228
229
230
235
237
239
240
241
243
245
246
247
248
254
255
258
259
260
262
263
264
265
270
271
273
274
281
283
284
285
287
288
289
290
292
298
301
303
296
309
311
313
314
315
316
319
320
322
323
324
325
326
328
331
332
334
335
336
345
347
348
352
353
354
355
359
360
364
365
366
370
371
377
378
379
389
391
394
396
397
399
401
404
406
407
410
412
415
417
418
3
代码覆盖率为：0.875
