6
8
9
15
18
20
21
22
28
30
31
33
34
35
37
39
40
46
47
48
51
52
53
55
56
57
58
61
63
64
66
67
68
69
72
73
74
75
78
79
80
81
82
84
87
88
89
92
93
95
96
97
100
101
102
106
107
109
110
111
119
120
122
123
125
126
128
129
132
133
135
136
143
145
146
149
150
151
152
158
162
163
166
170
171
183
187
188
189
186
197
198
200
201
203
205
204
208
210
211
212
213
221
222
224
225
226
232
238
240
241
242
255
259
260
261
262
263
264
265
267
268
269
270
271
272
277
279
280
281
282
284
290
293
295
288
301
303
305
306
307
309
310
311
312
315
316
318
319
322
323
325
326
327
328
339
341
342
346
347
348
349
352
353
354
358
360
363
366
370
371
377
378
379
380
381
383
388
390
393
395
396
397
399
401
404
406
407
408
416
418
421
423
424
426
428
431
433
434
3
代码覆盖率为：0.8695652173913043
