4
6
7
8
16
17
19
20
23
24
27
28
31
32
36
37
38
39
42
43
58
59
57
62
63
64
65
67
68
70
71
72
74
75
76
77
79
80
81
82
84
86
87
88
89
91
93
94
95
96
97
99
101
102
103
104
105
106
107
108
109
110
111
112
119
121
122
123
124
125
127
132
131
137
136
142
141
146
147
153
154
156
157
158
162
163
166
167
171
172
175
176
177
181
182
185
186
190
191
192
193
196
197
199
200
204
206
207
208
211
212
214
215
219
220
221
223
224
225
226
230
233
237
238
240
244
245
246
249
253
254
257
258
260
261
262
263
266
267
268
269
270
272
273
274
275
276
278
281
282
284
285
286
2
代码覆盖率为：0.806282722513089
