9
10
11
12
13
14
15
17
19
20
21
22
23
24
25
28
29
30
31
38
39
40
41
42
43
50
51
53
54
55
57
58
59
60
62
63
64
65
67
68
69
70
71
73
75
76
77
78
79
81
83
84
85
86
87
89
90
91
98
100
101
102
109
119
120
121
118
123
124
128
129
131
132
137
138
139
141
143
145
146
150
151
152
154
155
158
160
162
163
164
165
168
169
171
173
174
175
178
179
181
182
183
185
186
187
188
192
193
195
196
198
200
201
206
207
208
209
214
215
217
220
221
223
226
227
229
231
232
234
236
237
238
239
241
242
243
245
247
248
249
251
252
253
254
256
257
258
259
261
264
265
266
267
269
273
272
277
278
284
285
286
287
289
290
291
292
296
297
299
300
301
302
303
305
309
310
312
313
314
319
320
322
323
324
334
335
336
337
338
339
340
342
345
346
349
351
352
354
356
359
361
364
365
367
372
376
377
381
382
384
385
390
391
392
393
396
397
401
402
403
405
406
409
410
411
413
414
415
416
3
代码覆盖率为：0.8984375
