20
21
22
23
25
26
27
29
30
31
33
34
35
44
45
46
47
48
49
50
52
54
55
56
57
58
59
60
61
62
63
64
71
72
73
74
75
76
79
80
83
84
85
86
97
98
99
100
108
109
110
112
113
114
116
118
119
124
123
126
127
131
130
135
136
138
139
141
142
144
145
147
148
149
150
159
162
163
165
166
167
169
170
171
172
173
175
176
178
179
180
182
184
185
186
188
189
190
191
193
194
195
196
197
199
206
207
208
209
210
205
213
215
216
217
224
225
227
228
229
231
232
233
234
241
242
244
245
254
255
256
258
260
261
262
263
267
268
270
272
273
274
275
276
278
281
282
283
284
286
289
291
292
293
304
305
307
309
310
311
329
330
331
332
334
336
337
344
345
347
348
357
358
360
361
363
364
371
372
374
375
3
代码覆盖率为：0.883495145631068
