5
6
7
9
11
12
22
21
24
25
26
38
37
46
47
49
51
52
56
58
59
61
62
63
65
66
67
68
69
71
73
75
76
77
79
82
83
84
86
87
88
89
91
92
93
94
95
97
100
101
106
107
112
113
114
115
125
126
127
129
130
131
132
124
134
135
141
143
145
147
149
151
153
156
158
159
170
171
172
174
175
187
188
189
190
191
193
194
205
206
207
209
211
212
213
214
228
229
230
231
233
235
237
238
239
250
251
252
253
254
255
257
259
260
261
263
264
265
266
274
276
277
278
279
280
282
284
285
286
287
289
290
291
292
295
296
302
303
304
301
306
307
311
312
313
314
315
316
317
318
321
322
323
324
330
331
332
336
337
338
339
340
342
348
349
352
353
354
359
360
361
363
364
365
374
375
376
378
379
383
384
385
386
387
389
390
3
代码覆盖率为：0.8820754716981132
