4
7
8
9
10
12
14
15
16
17
18
20
22
24
25
26
28
29
30
31
35
36
33
39
40
41
48
50
51
52
54
55
56
57
61
62
69
71
73
75
77
66
80
81
86
84
91
93
95
96
99
101
103
105
106
109
111
113
114
117
119
121
123
124
125
126
129
131
133
135
136
137
140
142
144
145
146
148
149
150
151
154
156
158
159
162
164
165
167
168
169
170
173
176
178
179
180
181
182
184
187
189
191
193
195
196
197
199
201
203
204
205
213
215
217
218
220
223
224
225
227
229
230
233
236
237
238
240
241
242
244
246
251
252
255
258
259
260
261
262
264
265
266
268
272
273
276
280
281
2
代码覆盖率为：0.9202453987730062
