5
7
8
10
11
12
14
15
16
17
18
20
22
23
25
26
29
30
33
34
40
41
42
38
46
47
48
50
51
52
53
56
58
60
61
62
63
66
68
70
71
72
73
74
76
81
79
87
85
93
91
97
99
101
102
104
106
108
109
110
112
114
116
117
118
126
128
130
131
133
135
137
138
141
143
145
146
149
151
153
154
157
159
161
163
164
167
169
171
173
174
175
176
179
182
184
186
187
188
191
194
196
197
198
200
201
202
203
207
209
211
212
213
215
217
218
221
222
223
224
227
228
232
234
236
237
240
242
244
245
246
247
250
252
254
258
259
260
261
262
264
267
269
270
271
273
275
279
280
281
283
285
287
291
292
293
3
代码覆盖率为：0.8532608695652174
