5
7
8
10
11
12
14
15
16
18
20
21
23
24
27
28
31
32
38
39
40
36
44
45
46
48
49
50
51
54
56
58
59
60
61
64
66
68
69
70
71
72
74
79
77
85
83
91
89
95
97
99
100
102
104
106
107
108
110
112
114
115
116
124
126
128
129
131
133
135
136
139
141
143
144
147
149
151
152
155
157
159
161
162
165
167
169
171
172
173
174
177
180
182
184
185
186
189
192
194
195
196
198
199
200
201
205
207
208
209
210
212
213
215
216
217
219
221
222
225
226
227
228
231
232
236
238
240
241
244
246
248
249
250
251
254
256
258
259
263
264
265
266
267
269
272
274
275
277
278
280
281
285
286
287
289
291
293
294
298
299
300
3
代码覆盖率为：0.8578947368421053
