9
14
15
16
18
19
20
26
30
36
37
38
44
45
46
47
52
53
54
55
56
57
59
61
64
63
66
67
71
70
76
80
81
82
83
84
85
86
87
88
89
96
98
99
100
101
102
104
107
108
110
111
112
114
117
118
123
124
125
126
131
132
139
140
150
151
152
153
154
156
158
159
160
161
163
164
149
167
168
169
170
176
177
179
181
182
183
191
192
194
195
196
198
199
200
201
210
211
213
214
222
223
224
226
227
228
229
241
242
243
245
246
247
248
249
251
262
263
264
265
267
268
269
277
278
280
281
284
285
286
300
301
302
304
307
308
316
317
319
320
323
325
326
334
335
338
337
340
342
343
351
353
354
355
3
代码覆盖率为：0.8857142857142857
