6
7
8
9
11
12
13
15
16
17
19
20
21
25
26
27
28
29
31
32
33
34
36
37
38
40
41
42
43
45
46
47
48
50
51
52
53
56
57
58
61
62
63
69
70
71
72
77
78
79
80
82
83
84
86
88
89
90
95
94
97
98
99
103
102
107
108
110
111
112
114
115
117
118
120
121
122
127
130
131
132
134
135
136
137
139
140
141
142
144
145
146
148
151
152
153
155
156
157
158
160
167
168
169
170
171
166
175
176
183
184
186
187
188
195
196
198
199
200
209
210
211
213
215
216
217
229
230
232
234
235
236
249
250
251
252
254
256
257
265
266
268
269
270
279
280
282
283
285
286
287
294
295
297
298
299
306
307
309
310
3
代码覆盖率为：0.936046511627907
