9
13
17
18
21
22
24
30
32
33
36
42
43
44
46
52
53
54
56
63
64
65
71
72
78
79
87
89
94
95
96
97
99
100
101
102
104
105
106
107
109
110
111
112
114
115
116
118
119
120
121
123
124
125
128
129
130
136
137
138
139
140
144
145
146
147
148
150
151
152
153
155
156
157
159
160
161
168
171
172
173
175
177
178
179
186
187
188
189
190
191
193
194
195
196
200
202
203
204
207
210
216
217
218
219
221
222
224
225
226
227
231
233
234
235
238
239
241
242
243
251
252
253
254
256
259
260
258
263
264
268
267
274
275
276
278
279
280
282
283
284
285
287
289
290
292
293
294
296
298
299
300
302
307
305
309
310
311
315
316
317
319
320
321
325
326
328
329
330
333
334
336
337
340
341
343
344
345
349
350
352
353
354
357
358
360
361
362
365
366
368
369
370
374
375
376
380
381
383
384
385
391
392
393
397
398
400
401
402
405
406
408
409
410
416
417
419
420
3
代码覆盖率为：0.948051948051948
