5
7
9
10
13
14
16
19
21
22
24
27
28
29
31
34
35
36
38
41
42
43
47
48
50
52
54
56
58
67
70
71
72
74
75
76
78
79
80
82
83
84
86
87
88
89
91
94
95
97
98
99
102
103
105
106
107
110
111
112
114
115
116
119
120
121
122
124
125
128
129
130
132
133
134
137
138
140
141
142
145
146
148
149
150
153
154
155
156
159
160
161
164
165
167
168
172
173
176
177
178
180
183
184
185
188
189
191
192
195
196
197
201
202
203
204
205
206
208
210
211
212
213
215
216
217
223
224
226
227
233
234
236
237
238
244
245
247
248
249
253
254
255
257
258
264
263
266
267
268
3
代码覆盖率为：0.949685534591195
