19
21
22
23
26
27
28
31
32
33
36
37
38
43
46
47
48
57
59
60
61
62
64
65
66
67
69
70
71
72
74
75
76
78
79
80
81
83
84
85
86
88
89
92
93
94
106
108
109
110
111
120
122
123
125
126
127
132
131
134
135
139
138
143
144
146
147
148
151
152
154
155
157
158
159
169
174
175
176
177
178
179
180
183
187
188
189
190
191
192
193
194
195
196
198
199
200
202
203
204
205
207
208
209
210
212
213
214
215
217
218
219
221
222
223
225
227
228
229
239
240
241
242
243
244
245
246
247
248
249
250
251
237
258
259
260
263
265
267
269
271
272
273
274
275
276
278
280
281
282
283
285
287
288
289
293
297
298
302
303
305
306
310
312
313
318
319
322
323
325
326
327
330
332
333
335
337
338
340
342
344
347
348
349
353
354
356
357
358
362
363
365
366
367
370
371
373
374
379
382
384
385
386
390
391
392
394
395
396
400
401
402
403
405
406
407
414
415
417
418
425
426
428
429
430
439
441
442
444
446
449
452
455
456
457
469
470
472
474
475
476
489
490
491
492
493
494
496
498
500
501
502
510
511
513
514
523
524
526
527
529
530
531
538
539
541
542
543
550
551
553
554
555
3
代码覆盖率为：0.9448275862068966
