3
4
5
6
8
9
10
11
13
14
15
16
18
19
20
21
25
26
28
29
30
31
32
35
37
38
41
43
44
47
49
50
51
56
59
60
61
65
66
67
69
71
72
74
76
77
78
80
82
83
84
86
89
90
91
92
93
94
95
96
97
98
99
88
103
104
105
106
102
110
111
112
113
115
116
120
121
122
124
126
127
128
130
132
133
135
137
138
139
141
143
144
145
147
149
150
151
153
156
155
160
161
162
163
165
166
167
170
171
172
173
174
175
177
178
179
182
183
184
186
188
189
190
193
195
196
197
198
200
203
204
205
208
209
210
211
212
213
214
215
216
220
221
222
223
224
227
229
230
233
234
235
236
237
238
242
243
244
248
250
251
252
256
258
260
262
261
264
266
267
268
273
274
275
276
281
282
283
302
303
305
310
311
318
319
320
340
342
343
345
346
348
349
351
353
354
355
356
357
358
359
360
362
364
365
368
369
371
373
374
375
376
378
379
382
384
385
386
390
391
393
395
396
397
401
402
406
407
409
410
412
415
417
418
419
422
423
424
425
428
430
432
434
435
439
440
442
443
444
447
448
450
451
452
1
代码覆盖率为：0.8947368421052632
