11
12
14
16
18
20
22
37
41
45
46
49
50
52
58
60
61
64
70
71
72
74
80
81
82
84
91
92
93
115
118
119
121
123
124
125
127
129
130
131
133
138
139
141
142
143
151
152
154
155
156
165
166
168
169
170
178
179
180
182
183
195
196
197
199
200
201
212
213
214
215
217
218
219
232
233
234
236
237
238
251
252
253
255
256
265
266
268
269
272
273
274
284
285
287
288
291
292
293
302
303
305
306
309
310
311
320
321
322
324
327
328
329
340
341
342
344
345
358
363
364
366
367
368
376
377
379
380
381
396
397
398
399
401
402
403
404
406
407
408
410
412
413
414
415
417
418
419
425
426
428
429
435
436
438
439
440
446
447
449
450
451
462
464
463
466
467
468
5
31
99
351
387
457
代码覆盖率为：0.9613259668508287
