20
30
31
32
34
46
47
62
63
64
66
78
82
83
86
87
89
103
104
121
123
124
127
141
142
159
160
161
171
180
181
182
183
184
185
186
187
188
189
190
191
192
193
194
195
196
197
179
201
202
203
200
207
208
206
215
216
217
218
221
224
226
227
228
229
230
232
233
234
236
237
238
239
241
242
243
244
246
247
248
249
251
252
253
255
256
257
259
260
261
262
264
266
267
268
270
271
272
273
275
276
277
279
280
281
282
284
285
286
287
289
302
303
304
305
306
308
309
310
320
319
322
323
332
331
337
336
345
346
347
349
350
351
354
355
356
357
358
360
363
364
365
368
369
371
372
373
376
377
378
379
380
381
382
383
385
386
388
389
390
393
394
395
396
397
398
400
402
403
404
405
406
408
411
412
413
414
416
420
421
424
425
426
427
429
431
432
433
434
435
437
440
441
442
443
444
445
446
447
448
449
451
455
456
457
460
461
462
464
465
466
468
469
470
473
474
475
478
479
481
482
480
484
486
487
488
491
492
494
495
493
497
499
500
503
504
506
507
505
509
511
512
513
516
517
518
519
520
521
522
523
525
526
527
528
529
530
531
532
533
534
535
536
537
538
539
540
541
542
543
550
554
555
556
568
569
570
571
572
574
575
576
579
580
581
582
583
584
586
587
588
589
590
591
592
593
594
595
596
599
600
601
604
605
606
607
608
609
610
611
612
613
614
615
616
617
618
619
620
621
623
626
627
630
631
632
633
634
635
638
639
640
643
644
645
646
647
648
651
652
653
656
657
665
666
667
670
671
672
673
687
688
689
692
693
694
696
697
700
701
702
703
704
705
706
707
708
709
710
720
721
722
725
726
727
728
729
730
731
732
733
734
735
745
746
747
750
751
752
753
754
755
756
757
758
759
760
770
771
772
775
777
778
776
782
783
784
785
786
787
781
817
818
819
820
821
816
825
826
829
831
832
830
835
836
837
840
842
843
844
845
846
847
841
876
877
878
881
883
884
885
886
887
882
891
892
893
5
167
代码覆盖率为：0.8061041292639138
