10
11
12
14
19
21
22
23
24
25
26
27
28
30
32
17
34
35
36
38
42
43
44
46
41
48
49
50
52
55
56
57
60
61
62
65
66
67
70
71
74
75
76
79
80
81
84
85
86
92
91
94
95
96
100
101
103
104
108
109
110
111
112
113
114
115
116
119
120
121
125
126
127
128
129
130
131
132
133
134
135
136
139
140
141
145
146
148
150
153
154
155
156
157
158
159
160
161
162
163
164
165
166
167
168
170
174
176
179
183
184
185
189
191
193
195
199
200
201
210
198
215
217
221
222
227
226
232
233
235
236
237
241
244
245
246
250
251
253
254
255
259
260
262
263
264
268
269
270
273
274
3
代码覆盖率为：0.8735632183908046
