5
7
8
9
10
13
14
15
16
19
23
24
27
28
30
33
35
36
39
42
43
44
48
49
50
51
52
53
54
59
61
62
63
65
66
67
68
70
71
72
74
75
76
77
79
80
81
82
84
85
86
87
89
91
92
93
94
95
90
97
98
100
101
102
106
107
108
112
113
115
116
117
120
121
123
124
125
127
128
130
131
132
135
136
138
139
142
143
145
146
147
150
151
152
154
155
156
159
160
162
163
164
167
168
169
171
172
173
176
177
178
179
181
182
185
186
187
189
190
191
194
195
196
198
199
200
203
204
205
207
208
211
212
213
216
217
218
219
222
223
225
226
228
229
230
3
代码覆盖率为：0.954248366013072
