5
6
7
8
9
10
11
17
18
19
20
22
23
24
27
28
29
32
33
34
37
38
39
40
43
44
45
46
50
52
53
54
56
57
58
59
61
62
63
64
66
68
69
70
71
73
74
75
78
79
81
82
83
86
87
89
90
93
94
96
97
98
102
105
106
108
109
110
111
113
115
116
117
119
120
121
122
124
125
126
127
129
130
131
133
134
135
136
138
141
140
143
144
145
148
149
151
152
153
156
157
159
160
163
164
166
167
168
171
172
173
174
176
177
178
181
182
183
185
186
188
189
191
195
197
198
199
202
204
203
207
208
209
212
213
214
216
218
219
222
223
224
225
227
229
230
232
233
235
240
242
243
244
247
248
249
251
253
254
255
258
259
260
262
264
265
266
269
270
271
274
275
278
279
281
282
283
286
287
288
289
290
293
294
295
298
299
300
301
303
304
305
3
代码覆盖率为：0.9414634146341463
