8
18
19
20
22
34
35
36
38
50
54
55
58
59
61
75
77
78
81
95
96
97
106
107
108
110
111
112
113
115
118
119
120
125
124
127
128
132
131
137
138
140
141
142
146
147
149
150
152
153
154
158
161
162
167
169
170
171
173
174
175
176
178
179
180
182
184
185
186
188
189
190
191
193
194
195
196
198
200
201
202
205
206
207
210
211
214
215
216
219
220
221
224
225
226
233
232
235
236
237
240
242
244
248
251
252
253
257
259
260
261
262
264
265
275
276
278
279
280
283
285
287
288
289
292
294
296
297
298
301
302
303
305
307
312
313
316
317
320
321
322
325
326
327
328
329
332
333
334
337
339
340
341
344
345
346
349
350
351
352
353
354
357
358
361
362
364
365
366
369
370
371
374
375
376
379
380
382
383
388
389
393
395
396
397
398
400
401
403
404
405
408
410
413
414
416
417
418
421
422
423
424
427
428
430
431
435
436
437
439
440
443
444
445
446
447
2
代码覆盖率为：0.8930041152263375
