18
28
29
30
32
44
45
46
48
60
64
65
68
69
71
85
87
88
91
105
106
107
116
120
125
134
143
159
170
211
214
215
216
218
220
221
222
224
226
227
228
230
235
236
238
239
240
246
247
249
250
261
262
263
265
266
267
273
274
276
277
278
288
289
290
292
293
294
309
310
311
312
314
315
330
331
332
334
335
336
353
354
355
357
358
359
376
377
378
380
381
384
385
386
398
399
401
402
405
406
407
421
422
424
425
428
429
445
446
447
449
452
453
454
463
464
465
467
468
469
476
477
478
480
481
482
483
485
486
487
488
490
497
498
499
500
502
503
504
510
511
513
514
521
522
524
525
526
541
542
544
545
546
550
552
551
554
555
556
3
代码覆盖率为：0.9580838323353293
