6
8
9
15
18
19
20
26
28
29
30
32
33
34
35
37
39
40
41
47
48
49
52
53
54
57
59
60
62
63
64
67
68
69
70
73
74
75
78
79
80
83
84
87
88
89
92
93
94
99
100
102
103
104
107
108
110
111
112
115
116
118
119
122
123
125
126
127
139
143
144
145
142
153
154
156
157
159
161
160
164
166
167
168
176
177
179
180
181
187
193
194
195
208
212
213
214
215
216
217
218
220
221
222
223
224
225
230
232
233
234
236
238
239
240
246
247
250
251
256
257
259
260
261
268
270
271
273
279
282
284
277
290
292
294
295
296
299
300
302
303
304
307
308
310
311
312
322
324
325
326
330
331
332
333
337
338
342
343
344
348
349
355
356
361
363
366
368
369
370
373
375
378
380
381
382
385
387
390
392
393
394
3
代码覆盖率为：0.9014778325123153
