6
8
9
10
16
19
20
21
27
29
30
32
33
34
35
37
39
40
46
47
48
51
52
55
57
58
60
61
62
65
66
67
68
71
72
73
76
77
78
81
82
83
86
87
88
91
92
93
98
99
101
102
105
106
108
109
110
113
114
116
117
118
121
122
124
125
126
133
135
136
137
140
141
142
148
152
153
156
160
161
162
174
178
179
180
177
188
189
191
192
194
196
195
199
201
202
203
211
212
214
215
216
222
228
229
230
243
247
248
249
250
251
252
253
255
256
257
258
259
260
265
267
268
269
271
277
280
282
275
288
290
292
293
296
297
299
300
301
304
305
307
308
309
320
322
323
324
328
329
330
331
334
335
336
340
342
345
348
352
353
359
360
361
366
368
371
373
374
375
378
380
383
385
386
389
391
394
396
397
398
401
403
406
408
409
410
3
代码覆盖率为：0.8947368421052632
