5
7
8
10
11
12
13
15
16
17
18
20
22
23
24
27
28
29
32
33
34
37
38
44
45
46
42
50
51
54
56
58
59
60
63
65
67
68
69
74
72
80
78
86
84
90
92
94
95
96
99
101
103
104
105
108
110
112
113
116
118
120
121
122
125
127
129
130
131
134
136
138
139
140
143
145
147
148
151
153
155
157
158
159
162
164
166
168
169
170
173
176
178
179
180
183
186
188
189
193
195
196
197
199
201
202
203
206
207
208
211
212
213
217
219
221
222
223
226
228
230
231
232
235
237
239
243
244
245
248
250
251
252
254
256
260
261
262
265
267
269
273
274
3
代码覆盖率为：0.8834355828220859
