5
7
8
9
11
12
13
15
16
17
18
20
22
23
24
27
28
29
32
33
34
37
38
44
45
46
42
50
51
54
56
58
59
60
63
65
67
68
69
74
72
80
78
86
84
90
92
94
95
96
99
101
103
104
105
108
110
112
113
116
118
120
121
122
125
127
129
130
131
134
136
138
139
140
143
145
147
148
151
153
155
157
158
159
162
164
166
168
169
170
173
176
178
179
180
183
186
188
189
193
195
196
197
199
200
201
202
204
206
207
208
211
212
213
216
217
218
222
224
226
227
228
231
233
235
236
237
240
242
244
245
249
250
251
254
256
257
259
260
262
263
267
268
269
272
274
276
277
281
282
3
代码覆盖率为：0.888235294117647
