9
14
15
16
18
19
20
26
30
36
37
38
44
45
46
47
52
53
54
55
57
60
59
62
63
64
68
67
73
77
78
79
81
82
83
84
86
87
88
90
92
93
94
96
97
98
99
101
104
105
106
108
109
110
112
115
116
117
122
123
124
129
130
131
138
139
149
150
151
152
153
155
157
158
159
160
162
163
148
166
167
168
174
175
177
178
179
187
188
190
191
200
201
203
204
205
213
214
215
217
218
219
231
232
233
235
236
237
248
249
250
251
253
254
255
264
265
267
268
271
272
281
282
283
285
288
289
290
299
300
302
303
306
308
309
310
318
319
322
321
324
326
327
328
336
338
339
340
3
代码覆盖率为：0.9254658385093167
