7
8
9
10
11
12
13
22
23
28
29
35
34
42
43
44
50
52
53
54
55
56
57
67
69
71
76
77
79
81
82
87
107
108
109
111
114
113
119
118
124
123
128
127
137
138
139
143
144
145
149
150
151
156
155
161
160
166
167
174
176
182
184
185
201
203
207
214
215
220
226
232
198
241
253
260
263
266
270
274
278
282
285
286
288
289
292
293
295
296
298
299
300
301
303
304
305
308
310
312
314
315
317
319
322
333
334
335
336
337
338
341
347
348
349
351
353
354
355
356
358
359
360
362
364
365
366
368
369
370
371
374
375
378
379
382
383
384
387
389
391
392
395
397
400
402
411
413
416
417
418
423
425
426
427
428
429
430
431
432
433
434
435
436
437
438
446
448
449
450
452
466
470
478
479
484
485
492
493
498
499
507
508
509
515
519
523
524
526
528
536
537
538
544
546
548
557
558
559
560
566
570
572
573
575
579
580
584
587
589
590
598
599
600
602
610
604
605
606
609
611
612
613
616
622
628
629
632
642
643
644
645
650
651
657
658
667
669
670
673
674
676
678
683
687
692
693
694
697
702
704
708
709
716
719
720
725
726
730
731
736
739
740
741
742
746
749
750
752
760
761
762
763
764
768
770
771
774
775
777
778
782
783
786
787
789
790
793
794
797
801
804
805
806
807
815
818
819
820
821
822
823
826
827
828
830
835
837
839
840
842
844
845
848
849
851
852
854
861
866
868
882
884
886
888
890
892
899
909
913
915
917
919
921
922
924
925
926
930
931
933
934
935
937
939
940
942
944
945
947
955
957
960
961
963
969
973
975
977
979
982
984
971
987
990
992
999
1000
1006
1008
1014
1016
1022
1025
1026
1027
1035
1036
1037
1038
1042
1044
1047
1052
1054
1055
1058
1061
1063
1067
1068
1077
1083
1087
1089
1090
1094
1095
1099
1100
1106
1109
1111
1115
1116
1118
1129
1130
1131
1132
1133
1137
1144
1147
1151
1155
1158
1159
1164
1170
1177
1180
1185
1184
1192
1191
1198
1199
1200
1201
1206
1207
1208
1209
1214
1218
1225
1226
1227
1228
1229
1230
1236
1237
1238
1244
1253
1254
1255
1256
1257
1258
1265
1266
1267
1268
1269
1270
1278
1283
1289
1290
1297
1300
1301
1302
1303
1304
1310
1315
1316
1317
1321
1326
1327
1328
1329
1330
1324
1332
1333
1334
1344
1347
1349
1350
1351
1356
1359
1361
1370
1371
1372
1373
1374
1375
1381
1382
1383
1384
1385
1386
1394
1400
1404
1405
1407
1410
1415
1418
1420
1421
1422
1423
1424
1425
1426
1428
1430
1431
1439
1440
1441
1442
1443
1444
1450
1451
1452
1453
1454
1455
1463
1465
1466
1467
1468
1469
1470
1476
1477
1478
1479
1480
1481
1489
1493
1498
1499
1500
1502
1504
1505
1508
1511
1512
1513
1515
1518
1522
1523
1524
1525
1526
1527
1529
1530
1531
1533
1535
1536
1537
1539
1540
1542
1541
1544
1549
1553
1554
1555
1556
1559
1561
1562
1563
1564
1572
1573
1574
1575
1576
1577
1578
1584
1585
1586
1587
1588
1590
1591
1599
1600
1606
1609
1610
1611
1619
1626
1630
1631
1632
1633
1634
1635
1637
1640
1641
1642
1643
1644
1645
1647
1648
1649
1650
1655
1657
1660
1665
1666
1669
1670
1673
1676
1678
1682
1683
1686
1687
1688
1689
1693
1694
1700
1707
1708
1710
1712
1714
1715
1717
1719
1723
1724
1726
1728
1732
1733
1734
1735
1736
1744
1748
1749
1752
1762
1763
1764
1765
1766
1767
1775
1779
1780
1783
1792
1793
1798
1799
1800
1801
1802
1810
1811
1812
1815
1827
1828
1829
1836
1837
1838
1840
1841
1843
1844
1849
1850
1851
1853
1854
1855
1859
1862
1864
1865
1866
1872
1873
1874
1875
1877
1882
1888
1889
1890
1916
1917
1919
1920
1930
1931
1933
1934
1936
1937
1939
1945
1983
1985
1987
1989
1991
1998
2000
2002
2003
2004
2012
2014
2015
2021
2022
2029
2033
2034
2035
2036
2037
2038
2039
2040
2041
2042
2032
2044
2046
2047
2048
2049
2050
2051
2052
2053
2054
2055
2062
2063
2064
2065
2066
2068
2071
2072
2074
2075
2077
6
代码覆盖率为：0.7758964143426295
