17
38
40
42
43
44
45
46
47
49
50
51
53
57
58
59
56
63
64
65
62
70
69
76
77
82
84
85
89
90
91
92
95
96
93
98
101
102
104
105
106
107
108
109
110
114
115
116
117
118
119
120
121
122
124
125
126
127
128
129
131
132
133
134
136
137
138
139
140
141
142
143
144
146
147
148
149
150
153
154
156
157
159
160
161
163
165
166
169
170
171
174
175
178
179
184
185
186
189
190
196
198
200
201
202
204
205
207
210
212
213
214
215
217
218
222
230
231
232
233
234
236
237
239
240
241
245
247
249
250
252
254
256
257
258
261
263
264
266
268
269
270
275
276
280
281
296
298
299
300
304
305
306
308
311
312
313
315
316
317
314
319
322
324
326
327
328
329
331
332
334
336
337
339
341
344
346
347
351
352
365
367
368
369
371
374
375
378
379
381
382
385
387
389
390
391
392
394
16
代码覆盖率为：0.8652173913043478
