17
18
20
21
22
23
25
26
27
29
30
31
32
34
35
37
38
41
43
45
47
39
49
50
61
62
63
64
65
66
67
68
69
73
72
77
76
82
81
87
88
92
94
98
101
105
106
107
108
109
110
111
112
113
114
115
116
117
118
120
121
122
123
124
125
129
133
134
135
136
137
138
140
141
142
144
145
146
148
149
151
152
153
155
158
160
164
166
167
171
174
178
181
184
186
187
191
194
196
197
198
201
205
206
207
208
209
213
217
218
219
220
221
225
228
229
230
233
236
237
240
243
244
245
246
250
251
252
255
258
262
265
266
267
268
269
270
271
275
276
277
282
285
291
292
294
293
298
299
302
305
306
307
310
313
315
319
321
6
代码覆盖率为：0.7464788732394366
