8
12
14
16
18
20
21
22
23
25
26
28
30
31
33
34
37
39
40
41
44
45
46
47
48
49
43
51
53
54
52
71
73
76
77
78
80
81
83
84
86
87
88
89
90
91
92
100
103
104
105
106
107
108
111
112
121
124
126
128
129
130
131
133
134
138
142
144
146
149
151
154
156
157
160
164
165
167
168
170
173
176
178
179
181
182
185
188
191
193
194
195
197
198
200
205
206
207
208
210
211
212
213
215
217
209
219
221
222
223
225
227
228
229
231
233
234
236
237
239
240
241
243
244
245
247
248
250
251
253
7
代码覆盖率为：0.7528735632183908
