17
38
40
42
43
44
45
46
47
49
50
51
53
57
58
59
56
63
64
65
62
70
69
76
77
82
84
85
89
90
91
92
95
96
93
98
101
102
104
105
106
107
108
109
110
114
115
116
117
118
119
120
121
122
124
125
126
127
128
129
131
132
133
134
136
137
138
139
140
141
142
143
144
146
147
148
149
150
153
154
156
157
159
160
161
163
165
166
169
170
171
174
175
178
179
182
186
187
188
192
193
199
201
203
204
205
207
208
210
213
215
216
217
218
220
221
225
235
236
237
238
239
241
242
244
245
246
250
252
254
255
257
259
261
262
263
266
268
269
271
273
274
275
280
281
285
286
301
303
304
305
309
310
311
313
316
317
318
320
321
322
319
324
327
329
331
332
333
334
336
337
339
341
342
344
16
代码覆盖率为：0.88
