11
22
25
30
36
41
45
49
52
53
55
56
57
58
60
61
62
63
69
70
72
73
75
78
79
80
83
84
85
86
87
88
89
91
92
93
94
90
96
99
100
102
103
104
105
106
107
109
114
115
120
121
122
123
124
127
128
129
134
135
141
145
146
147
148
149
150
152
151
154
157
158
163
164
165
167
169
172
173
174
175
177
179
180
182
183
185
187
188
190
191
193
201
202
203
204
206
207
208
209
211
212
213
214
215
205
218
219
224
225
228
229
230
231
298
299
300
301
302
303
304
305
306
307
308
309
310
296
314
315
316
317
318
320
321
322
323
324
325
326
313
328
329
330
331
332
333
334
335
340
341
342
347
348
349
350
351
353
354
355
356
358
359
362
363
366
367
368
369
371
373
375
379
381
383
384
385
386
387
389
390
391
393
394
396
397
402
403
404
406
407
408
409
411
412
415
416
417
418
420
421
427
428
429
430
431
432
438
439
440
441
442
443
458
459
460
461
462
463
465
466
467
469
473
474
475
476
477
478
482
483
484
485
486
487
488
490
505
506
508
509
510
511
512
513
514
515
516
531
532
533
534
535
536
537
538
539
543
545
547
549
551
555
557
558
559
560
561
562
563
564
565
566
567
573
574
575
576
577
578
579
580
584
586
587
588
592
600
601
616
619
620
622
623
624
625
626
629
631
632
633
634
636
638
641
642
643
644
645
646
647
648
649
650
655
656
658
659
660
661
663
664
665
666
667
668
669
671
673
674
675
677
680
681
682
683
684
685
686
687
688
689
690
692
693
697
702
703
706
707
708
711
712
714
709
717
720
721
722
723
724
725
726
727
728
729
730
731
732
734
735
750
751
752
753
754
755
756
757
758
759
760
761
763
764
7
代码覆盖率为：0.6880570409982175
