7
8
9
10
12
13
14
15
18
19
20
21
22
23
25
27
28
29
30
33
35
36
37
45
46
47
48
49
50
51
54
55
56
64
65
68
69
76
77
78
79
80
81
82
83
90
92
93
94
102
103
109
111
112
113
116
117
118
115
120
122
123
124
121
126
127
129
130
131
132
133
135
136
137
138
139
140
141
144
145
155
154
159
158
163
164
165
166
167
168
174
175
181
182
188
189
195
196
202
203
209
210
216
217
222
223
224
226
227
228
230
237
238
239
240
241
247
248
249
250
251
257
258
259
265
266
271
272
273
281
282
283
284
285
287
288
293
294
300
301
302
305
306
307
308
310
311
320
321
322
323
324
325
328
329
330
331
332
333
337
338
339
340
341
348
349
355
357
358
359
360
361
362
363
366
368
369
370
372
373
374
375
376
377
378
379
380
381
382
383
384
385
386
391
392
393
394
395
396
397
398
399
404
405
406
407
412
413
414
415
418
421
422
424
426
427
428
429
430
433
434
435
436
443
444
446
447
449
450
452
453
455
456
458
463
464
465
469
471
473
475
476
477
478
481
484
489
490
491
492
495
496
499
500
501
502
505
506
507
509
510
513
514
515
516
519
523
524
525
528
529
530
531
532
533
535
538
546
547
548
549
552
557
558
559
564
565
571
572
578
579
580
581
582
583
584
586
587
588
589
591
592
593
596
597
598
601
604
605
607
608
615
616
617
618
619
622
625
627
628
629
631
636
637
639
641
662
663
664
665
666
668
669
674
675
676
677
679
680
681
684
686
687
688
689
691
692
693
694
700
701
703
6
代码覆盖率为：0.8609756097560975
