8
10
11
13
14
15
16
17
18
19
26
27
28
29
30
32
33
34
35
36
38
39
40
42
43
44
45
47
48
50
51
53
54
56
57
59
60
61
71
75
77
79
81
82
84
85
86
87
88
90
91
92
93
94
95
96
98
99
101
106
107
108
109
111
112
118
119
120
121
123
124
126
127
129
131
132
133
134
135
136
141
142
143
140
145
146
148
149
150
159
160
162
163
164
166
167
168
170
171
173
175
178
179
180
182
183
185
186
198
200
201
202
203
204
214
215
216
217
218
219
229
230
231
232
233
234
235
236
239
243
245
246
247
248
249
251
253
255
256
257
258
259
260
262
263
265
266
267
268
270
271
274
275
276
277
278
283
285
286
288
289
290
292
294
295
297
298
299
300
302
303
306
307
308
310
311
312
313
314
315
318
319
320
321
322
323
324
325
326
327
329
331
332
337
338
339
341
342
344
347
348
349
350
351
354
355
356
357
360
361
362
365
366
368
370
371
372
375
376
377
379
380
381
385
386
388
389
391
393
395
397
399
400
401
402
403
404
405
408
410
411
412
413
414
415
416
418
419
421
422
7
代码覆盖率为：0.9580152671755725
