7
12
13
14
20
21
22
28
29
30
36
37
38
43
44
45
46
47
49
50
51
52
54
55
56
57
59
60
61
63
64
65
66
68
69
70
71
74
75
76
79
80
81
87
88
89
90
99
98
101
102
103
110
109
118
119
121
123
124
129
133
134
135
136
138
140
141
143
144
145
146
148
149
150
151
153
154
155
156
158
160
161
163
164
165
166
168
172
173
178
179
177
182
183
184
187
188
190
191
192
195
197
199
200
201
204
205
207
208
209
212
213
217
218
222
224
226
227
230
231
233
234
236
238
239
240
243
244
246
247
248
251
252
253
255
256
257
265
267
268
269
270
273
274
277
278
280
281
282
285
286
287
289
290
291
294
295
296
297
298
300
301
302
310
315
316
318
320
321
324
325
327
328
329
332
333
335
337
338
339
342
343
344
346
347
348
351
352
353
354
355
358
359
360
364
365
366
367
369
370
373
374
375
376
378
379
380
383
384
385
388
389
390
393
394
395
2
代码覆盖率为：0.9313304721030042
