6
7
8
9
11
12
13
15
16
17
18
20
21
22
23
25
26
27
28
30
31
32
34
35
37
38
46
47
48
50
53
52
55
56
60
59
64
65
67
68
69
73
74
78
80
81
82
84
85
86
87
89
90
91
92
94
95
96
98
100
101
102
104
105
106
107
109
111
112
113
117
118
119
123
124
125
130
131
132
133
135
136
137
140
141
142
143
146
147
148
151
152
153
155
156
160
161
162
163
165
166
167
171
172
174
176
177
178
182
183
184
185
186
189
190
191
201
202
203
204
207
208
209
212
213
214
216
218
219
220
222
223
224
225
227
230
231
232
233
229
236
237
238
240
247
248
250
251
252
256
257
255
244
260
261
262
265
266
267
268
269
272
273
276
277
285
286
287
291
292
293
295
297
298
299
302
303
304
305
307
309
310
311
314
315
317
318
3
代码覆盖率为：0.9215686274509803
