9
14
15
16
18
19
20
26
27
28
34
35
36
42
43
44
45
55
56
57
58
60
66
65
68
69
70
77
76
84
85
86
88
89
93
95
96
97
98
101
102
103
105
106
107
110
111
112
114
115
116
123
126
128
130
131
132
136
138
140
142
143
150
151
152
155
156
157
159
160
161
164
165
166
168
169
170
173
174
175
177
178
179
182
183
185
186
187
190
191
192
194
195
196
199
200
201
203
204
205
208
209
210
212
213
214
217
218
220
221
222
225
226
227
229
230
231
234
235
236
238
239
240
243
244
245
247
248
249
252
253
254
256
257
258
261
262
264
265
266
269
270
271
273
274
275
278
279
280
282
283
284
287
288
289
291
292
293
296
297
299
300
301
304
305
306
308
309
310
313
314
315
317
318
319
322
323
324
3
代码覆盖率为：0.9944444444444445
