28
30
31
32
34
36
37
38
43
42
45
46
47
51
50
55
56
59
60
61
70
72
73
75
77
78
83
82
87
88
89
92
93
94
103
105
107
108
116
118
120
121
122
123
124
125
128
129
132
133
134
135
136
137
140
141
142
162
164
165
167
168
169
171
172
173
174
176
177
178
179
181
182
183
185
192
193
194
197
198
199
202
203
204
209
210
211
212
213
219
220
221
222
223
208
225
226
227
230
231
232
233
236
237
238
239
242
243
245
246
247
250
251
252
254
255
258
259
260
263
264
266
267
270
271
272
275
276
278
279
280
281
282
284
292
293
296
297
298
299
300
302
310
311
312
320
322
323
324
328
327
332
333
337
338
339
343
344
345
359
361
362
363
365
368
369
370
371
367
378
379
380
383
384
386
387
388
391
392
393
394
395
396
398
399
402
403
404
405
406
408
409
410
417
418
422
423
424
3
代码覆盖率为：0.8189300411522634
