6
7
8
9
11
14
13
16
17
18
22
21
26
27
29
30
35
36
37
40
41
42
46
47
48
51
52
53
56
59
60
61
66
67
68
69
70
72
73
74
75
77
78
79
81
82
83
84
86
87
88
89
91
92
93
94
96
97
98
107
111
115
116
119
120
122
128
130
131
134
140
141
142
144
150
151
152
154
161
162
163
171
174
175
177
178
179
181
182
183
184
186
187
188
189
191
192
193
194
196
197
198
200
201
202
203
205
207
208
209
211
213
214
215
218
219
220
223
224
227
228
229
232
233
234
237
238
239
244
245
246
247
248
249
250
251
252
253
254
243
258
259
257
264
263
270
269
280
282
283
284
296
297
298
299
302
303
304
319
320
321
322
323
324
325
326
327
328
331
332
333
347
348
349
350
351
354
356
357
358
359
360
361
362
363
364
365
366
368
370
372
373
385
386
387
388
389
392
394
395
397
398
399
411
412
413
416
418
419
420
421
423
425
427
428
429
441
442
443
446
448
449
451
452
453
454
456
458
459
460
471
472
474
475
481
482
483
486
487
488
489
490
492
485
496
497
499
502
505
507
510
516
517
518
3
代码覆盖率为：0.897887323943662
