5
6
7
8
9
10
11
17
18
19
20
22
23
24
27
28
29
32
33
34
37
38
39
40
43
44
45
46
50
51
52
53
54
60
59
62
63
64
69
68
74
75
77
79
80
81
87
89
90
91
93
94
95
96
98
99
102
103
105
106
107
110
111
113
114
115
118
119
121
122
123
127
130
131
133
134
135
136
138
139
140
142
143
144
145
147
148
149
150
152
153
154
155
157
158
159
161
162
163
166
167
168
171
172
173
176
177
178
183
184
186
187
188
189
191
194
193
196
197
200
201
203
204
205
208
209
211
212
213
216
217
219
220
221
224
225
226
227
229
230
231
233
234
235
236
238
239
242
243
244
248
250
257
258
259
263
267
269
270
273
276
281
288
291
296
298
299
300
303
305
304
308
309
310
313
314
315
317
319
320
321
324
325
326
327
331
333
338
339
340
343
347
349
350
353
356
361
368
371
372
377
379
380
383
384
385
387
389
390
391
394
395
396
398
400
401
402
405
406
407
410
411
412
415
416
418
419
422
423
424
425
426
429
430
431
434
435
436
437
439
440
441
444
445
447
449
450
451
454
456
458
459
460
463
465
467
468
471
473
475
476
477
480
482
484
485
486
3
代码覆盖率为：0.9084745762711864
