13
14
15
16
20
21
22
23
24
26
27
28
29
33
48
58
59
60
62
74
75
76
78
90
94
95
98
99
101
115
117
118
121
135
136
137
141
148
152
153
154
156
160
161
162
164
168
169
171
175
176
177
179
183
184
185
187
191
192
193
195
205
210
214
218
222
201
231
235
239
227
246
247
248
251
252
253
256
257
258
267
266
274
273
281
282
283
280
285
286
287
294
295
296
297
299
300
301
302
303
304
305
306
307
308
309
310
298
312
313
314
315
316
317
320
321
322
327
328
329
330
331
332
333
334
335
336
339
340
345
346
347
348
349
352
353
354
359
360
362
363
364
369
370
372
373
374
380
381
383
384
3
代码覆盖率为：0.9440993788819876
