6
8
11
14
17
20
23
26
29
32
35
38
41
42
43
44
45
46
50
51
52
53
54
75
77
78
79
80
81
82
83
87
89
90
91
92
93
94
95
99
101
104
107
110
113
116
125
127
128
129
131
135
136
137
139
143
147
148
151
152
154
158
160
161
164
168
169
170
174
176
181
184
188
190
193
196
199
202
205
208
211
218
222
224
226
228
229
235
239
243
246
249
250
253
257
258
259
261
262
264
266
265
270
271
256
275
276
280
281
285
286
290
291
295
296
300
301
305
306
310
311
313
315
317
319
321
325
326
330
331
332
333
334
338
339
340
344
345
347
348
350
355
356
360
361
363
364
366
371
372
373
377
378
380
381
382
386
387
388
389
390
391
395
396
398
399
400
404
405
406
408
409
413
414
416
417
421
422
423
424
426
427
428
432
433
434
436
438
440
441
443
445
447
448
449
453
454
455
456
457
458
462
465
466
468
473
474
475
479
480
481
482
483
484
485
486
490
491
493
495
497
499
500
504
505
506
507
508
509
513
515
518
519
524
525
526
529
530
531
532
533
534
535
539
540
545
546
547
550
554
556
559
560
561
565
566
567
568
569
570
571
575
576
577
580
581
585
586
587
588
589
590
591
592
596
597
598
599
600
603
604
605
609
611
610
615
616
617
621
622
623
627
628
629
633
636
637
638
641
642
643
647
650
649
652
653
654
658
657
662
663
665
666
667
670
671
673
674
675
678
679
681
682
685
686
689
690
691
694
695
698
699
700
704
707
708
711
712
713
717
720
719
722
723
724
728
727
732
733
735
736
739
740
742
743
744
747
748
750
751
752
755
756
759
760
761
764
765
768
769
773
775
776
777
782
783
784
788
792
791
794
795
796
800
801
803
804
805
810
809
816
815
821
822
825
826
827
831
832
835
836
837
841
843
844
849
842
851
852
855
856
857
859
860
861
3
代码覆盖率为：0.8648648648648649
