5
6
7
8
10
11
12
13
15
17
18
19
24
23
26
27
28
32
31
36
37
39
40
41
45
46
47
48
50
51
52
55
56
57
60
61
62
65
66
67
68
71
72
73
74
78
79
80
81
82
84
85
86
88
89
90
91
95
96
97
98
100
101
102
103
105
106
107
109
110
111
112
114
116
117
118
120
121
122
123
125
126
127
128
131
132
133
138
139
140
137
142
143
145
148
149
150
151
153
154
155
158
159
160
161
162
163
166
167
168
171
172
173
174
175
176
178
179
181
182
183
186
187
189
190
193
194
196
197
198
201
202
205
206
207
210
211
213
214
215
218
219
220
221
223
224
3
代码覆盖率为：0.9545454545454546
