6
7
8
9
11
13
14
15
20
19
22
23
24
28
27
32
33
35
36
37
42
52
53
54
56
68
69
70
72
84
88
89
92
93
95
109
111
112
115
129
130
131
135
138
139
141
143
144
146
148
149
150
152
153
154
155
157
160
161
162
164
165
166
168
169
170
171
173
175
176
177
179
180
181
182
184
185
186
188
191
192
190
197
198
200
201
196
204
205
206
209
210
211
212
214
215
218
219
220
224
225
226
228
229
231
232
233
236
237
238
242
243
245
246
252
253
260
261
263
264
265
272
273
275
276
277
292
293
295
296
297
301
300
311
312
313
321
322
323
339
340
342
343
346
347
355
356
358
359
360
366
367
369
370
371
375
376
378
379
380
391
392
393
395
396
399
400
402
401
405
406
407
414
415
417
418
419
429
430
431
433
434
435
450
451
452
453
455
456
457
472
473
474
476
477
494
495
496
498
499
500
532
533
535
536
539
540
541
557
558
559
561
564
565
566
575
576
577
579
580
3
代码覆盖率为：0.9567099567099567
