23
24
25
26
28
29
30
32
33
34
36
37
39
40
41
43
44
45
47
48
49
51
52
53
62
63
64
65
66
68
69
70
71
73
74
75
77
78
79
80
82
83
84
85
87
88
89
90
93
94
95
98
99
100
111
112
113
114
122
123
124
126
127
128
130
132
133
134
139
138
141
142
143
147
146
151
152
154
155
156
158
159
161
162
164
165
166
175
176
177
178
180
181
182
183
185
186
187
188
190
191
192
194
196
197
198
200
201
202
203
205
212
213
214
215
216
211
219
220
227
228
230
231
232
239
240
242
243
244
253
254
255
257
259
260
261
273
274
276
278
279
280
293
294
295
296
298
300
301
309
310
312
313
314
323
324
326
327
329
330
331
338
339
341
342
343
350
351
353
354
3
代码覆盖率为：0.9447513812154696
