5
6
7
8
10
11
12
13
15
17
18
19
24
23
26
27
28
32
31
36
37
39
40
41
45
46
47
48
50
51
52
55
56
57
60
61
62
65
66
67
68
71
72
73
74
78
79
80
81
82
84
85
86
88
89
90
91
95
96
97
98
100
101
102
103
105
106
107
109
110
111
112
114
116
117
118
120
121
122
123
125
126
127
128
131
132
133
138
139
140
137
142
143
145
148
149
150
151
153
154
155
158
159
160
161
162
165
166
167
170
171
172
173
174
175
177
178
180
181
182
185
186
188
189
192
193
195
196
197
200
201
204
205
206
209
210
212
213
214
217
218
219
220
222
223
3
代码覆盖率为：0.954248366013072
