4
6
7
10
11
12
15
16
17
20
21
22
25
26
29
30
31
35
36
37
40
41
42
57
58
56
61
62
63
65
66
67
68
70
71
72
74
76
77
78
80
82
83
84
86
87
88
89
90
92
93
94
95
97
98
99
101
103
104
105
107
108
109
110
112
117
116
122
121
127
126
131
132
138
139
141
142
143
147
148
149
152
153
157
158
161
162
163
167
168
169
172
173
177
178
179
182
183
185
186
190
191
192
195
196
198
199
203
204
208
211
215
216
218
222
223
224
227
231
232
233
236
237
239
240
241
244
245
246
247
248
250
251
252
255
256
258
259
260
2
代码覆盖率为：0.8284023668639053
