9
10
11
12
13
15
16
17
18
20
21
22
23
27
28
29
31
32
33
34
36
37
38
39
46
47
48
49
51
52
53
55
56
57
58
60
62
63
64
66
67
68
69
71
73
74
76
78
79
81
91
92
93
90
95
96
97
101
102
104
105
110
111
112
114
116
118
119
120
124
125
126
128
129
132
134
136
137
138
141
142
144
145
146
149
150
152
153
157
158
160
161
163
165
166
167
172
173
174
175
177
182
183
184
186
189
190
191
193
196
197
199
201
202
203
205
207
208
209
211
212
213
215
216
217
219
220
221
223
226
227
228
230
234
233
238
239
240
246
247
248
249
251
252
253
257
258
260
261
262
266
267
269
270
271
277
278
280
281
286
287
288
289
290
291
292
294
297
298
299
303
305
306
308
310
313
315
318
319
321
326
330
331
332
336
337
339
340
341
346
347
348
349
352
353
357
358
359
361
362
363
366
367
368
370
371
372
3
代码覆盖率为：0.9497716894977168
