20
21
22
23
25
26
27
29
30
31
33
34
35
44
45
46
47
48
50
51
52
53
55
56
57
58
60
61
62
64
65
66
67
69
70
71
72
75
76
77
80
81
82
93
94
95
96
97
105
106
107
108
110
111
112
113
115
117
118
119
124
123
126
127
131
130
135
136
138
139
140
142
143
145
146
148
149
150
159
162
163
165
166
167
168
170
171
172
173
175
176
177
178
180
182
183
185
186
187
188
190
197
198
199
200
201
196
204
205
206
213
214
216
217
224
225
227
228
229
238
239
240
242
244
245
246
250
251
253
255
256
257
260
261
262
263
265
268
270
271
272
284
285
287
289
290
303
304
305
306
308
310
311
312
320
321
323
324
325
334
335
337
338
340
341
342
349
350
352
353
3
代码覆盖率为：0.9047619047619048
