4
7
8
9
11
13
14
15
17
19
20
21
23
25
26
27
29
33
34
31
37
38
40
42
43
44
46
48
49
50
54
55
56
63
65
67
69
71
60
74
75
76
81
79
86
88
90
91
92
95
97
99
101
102
105
107
109
110
111
114
116
118
120
121
122
125
127
129
130
131
134
136
138
139
142
144
146
147
148
151
153
154
156
157
158
161
164
166
167
168
171
173
175
177
179
180
181
184
186
188
189
192
194
196
197
198
201
204
205
206
208
210
211
212
215
218
219
220
222
223
224
226
228
233
234
235
238
241
242
243
244
245
247
248
249
251
255
256
259
263
264
265
2
代码覆盖率为：0.9662162162162162
