5
6
7
8
10
12
13
14
24
23
26
27
34
33
42
43
45
47
48
49
54
56
57
59
60
61
62
64
65
66
67
69
71
72
73
75
78
79
81
82
83
84
86
89
90
95
96
97
102
103
104
114
115
116
118
119
120
121
113
123
124
125
131
133
135
137
139
141
143
146
148
149
150
161
162
163
165
166
178
179
180
181
182
184
185
186
197
198
199
201
203
204
205
219
220
221
222
224
226
227
228
239
240
241
242
243
244
246
248
249
257
259
260
261
263
264
265
266
268
270
271
272
274
277
278
279
285
286
287
284
289
290
291
295
296
297
298
299
300
301
302
305
306
307
313
314
315
319
320
321
327
328
331
332
333
339
340
341
343
344
348
349
350
352
353
354
359
360
361
362
363
365
366
367
3
代码覆盖率为：0.9114583333333334
